#Number of gate                  #BASE
                    	 1.21
2                    	 1.67
                    	 1.61
                    	 1.00
                    	 1.43
6                    	 1.36
7                    	 1.18
8                    	 1.39
9                    	 1.11
                    	 1.31
                    	 1.49
2                    	 1.63
                    	 1.59
                    	 1.80
                    	 1.40
6                    	 1.64
7                    	 1.90
8                    	 1.33
9                    	 1.54
20                    	 1.22
21                    	 1.39
22                    	 1.42
23                    	 1.56
24                    	 1.66
25                    	 1.39
26                    	 1.59
27                    	 1.57
28                    	 1.43
29                    	 1.72
                    	 1.87
                    	 1.81
2                    	 1.89
                    	 1.35
                    	 2.07
                    	 1.88
6                    	 2.34
7                    	 1.47
8                    	 2.06
9                    	 1.75
                    	 1.68
                    	 1.79
2                    	 1.59
                    	 2.16
                    	 1.68
                    	 1.93
6                    	 1.66
7                    	 1.96
8                    	 1.88
9                    	 2.02
                    	 1.36
                    	 1.90
2                    	 2.43
                    	 2.05
                    	 2.46
                    	 2.04
6                    	 2.04
7                    	 2.32
8                    	 1.93
9                    	 1.90
60                    	 2.05
61                    	 2.28
62                    	 2.76
63                    	 2.22
64                    	 2.26
65                    	 1.87
66                    	 2.12
67                    	 2.47
68                    	 2.34
69                    	 2.82
70                    	 2.81
71                    	 2.54
