#Number of gate                  #BASE
1                    	 1.12
11                    	 3.77
21                    	 5.94
31                    	 8.15
41                    	 13.25
51                    	 14.35
61                    	 33.05
71                    	 34.75
81                    	 47.36
91                    	 57.71
101                    	 55.14
111                    	 90.07
121                    	 90.58
131                    	 88.18
141                    	 147.51
151                    	 161.28
161                    	 144.58
171                    	 190.88
181                    	 154.78
191                    	 172.46
201                    	 339.98
