#Number of gate                  #BASE
#Number of gate                  #BASE
1                    	 0.84
11                    	 1.79
21                    	 3.49
31                    	 4.22
41                    	 4.50
51                    	 6.55
61                    	 4.54
71                    	 6.54
81                    	 18.27
91                    	 12.80
101                    	 13.41
111                    	 13.14
121                    	 10.38
131                    	 10.81
141                    	 15.97
151                    	 13.02
161                    	 15.60
171                    	 19.41
181                    	 23.76
191                    	 22.80
201                    	 16.69
