#Number of gate                  #BASE
1                    	 1.17
11                    	 3.97
21                    	 7.60
31                    	 9.16
41                    	 17.48
51                    	 21.22
61                    	 30.26
71                    	 39.98
81                    	 62.33
91                    	 42.56
101                    	 98.17
111                    	 72.51
121                    	 128.93
131                    	 192.75
141                    	 160.29
151                    	 144.98
161                    	 260.45
171                    	 257.45
181                    	 416.22
191                    	 427.84
201                    	 529.47
