#Number of gate                  #BASE
1                    	 0.86
11                    	 1.97
21                    	 2.04
31                    	 4.33
41                    	 2.63
51                    	 4.67
61                    	 7.36
71                    	 9.04
81                    	 7.58
91                    	 10.45
101                    	 7.49
111                    	 16.60
121                    	 19.10
131                    	 23.27
141                    	 20.72
151                    	 16.08
161                    	 26.88
171                    	 15.44
181                    	 27.38
191                    	 36.12
201                    	 22.77
