#Number of gate                  #BASE
                    	 0.78
2                    	 0.79
                    	 0.87
                    	 0.77
                    	 0.81
6                    	 0.90
7                    	 0.87
8                    	 0.81
9                    	 0.88
0                    	 0.92
                    	 0.79
2                    	 0.80
                    	 0.98
                    	 0.91
                    	 1.04
6                    	 0.96
7                    	 0.87
8                    	 1.27
9                    	 0.99
20                    	 0.94
21                    	 1.09
22                    	 0.95
23                    	 1.33
24                    	 0.95
25                    	 1.07
26                    	 0.91
27                    	 1.03
28                    	 0.93
29                    	 1.04
0                    	 1.08
                    	 0.96
2                    	 1.17
                    	 1.09
                    	 0.99
                    	 1.42
6                    	 1.45
7                    	 1.29
8                    	 1.16
9                    	 1.30
0                    	 1.11
                    	 1.40
2                    	 1.00
                    	 1.13
                    	 1.52
                    	 1.38
6                    	 1.53
7                    	 1.10
8                    	 1.18
9                    	 1.45
0                    	 1.42
                    	 1.08
2                    	 1.11
                    	 1.67
                    	 1.30
                    	 1.37
6                    	 1.44
7                    	 1.37
8                    	 1.83
9                    	 1.38
60                    	 1.52
61                    	 1.13
62                    	 1.33
63                    	 1.16
64                    	 1.16
65                    	 1.52
66                    	 1.21
67                    	 1.19
68                    	 1.31
69                    	 1.52
70                    	 2.15
71                    	 1.55
72                    	 1.12
73                    	 1.24
74                    	 1.56
75                    	 1.61
76                    	 1.09
77                    	 1.98
78                    	 1.52
79                    	 1.87
80                    	 1.79
81                    	 2.59
82                    	 2.06
83                    	 1.97
84                    	 1.33
85                    	 1.80
86                    	 1.53
87                    	 1.78
88                    	 2.09
89                    	 3.15
90                    	 1.57
91                    	 1.53
92                    	 2.45
93                    	 1.97
94                    	 1.42
95                    	 2.10
96                    	 1.67
97                    	 1.58
98                    	 1.54
99                    	 2.02
00                    	 1.71
01                    	 3.12
02                    	 1.62
03                    	 2.34
04                    	 2.91
05                    	 2.03
06                    	 1.61
07                    	 1.73
08                    	 1.99
09                    	 2.06
0                    	 1.87
                    	 1.63
2                    	 1.98
                    	 1.68
                    	 4.76
                    	 1.99
6                    	 1.95
7                    	 2.41
8                    	 2.63
9                    	 1.51
20                    	 1.90
21                    	 3.30
22                    	 2.68
23                    	 2.18
24                    	 2.84
25                    	 2.27
26                    	 3.73
27                    	 2.95
28                    	 1.52
29                    	 2.20
0                    	 2.14
                    	 2.45
2                    	 1.56
                    	 1.72
                    	 1.60
                    	 2.14
6                    	 1.59
7                    	 1.87
8                    	 2.36
9                    	 1.83
0                    	 1.80
                    	 2.54
2                    	 3.51
                    	 1.60
                    	 2.08
                    	 2.06
6                    	 1.68
7                    	 2.96
8                    	 1.87
9                    	 1.84
0                    	 1.93
                    	 1.85
2                    	 1.89
                    	 2.05
                    	 3.32
                    	 2.01
6                    	 11.67
7                    	 1.80
8                    	 2.24
9                    	 1.92
60                    	 4.58
61                    	 2.17
62                    	 1.97
63                    	 3.14
64                    	 2.67
65                    	 5.34
66                    	 3.05
67                    	 5.42
68                    	 2.66
69                    	 2.44
70                    	 2.11
71                    	 3.19
72                    	 2.96
73                    	 2.00
74                    	 2.24
75                    	 3.03
76                    	 2.97
77                    	 3.70
78                    	 2.81
79                    	 1.92
80                    	 2.63
81                    	 2.53
82                    	 2.33
83                    	 3.54
84                    	 3.30
85                    	 3.34
86                    	 2.01
87                    	 2.27
88                    	 1.99
89                    	 4.60
90                    	 5.62
91                    	 2.83
92                    	 3.12
93                    	 2.72
94                    	 2.38
95                    	 2.04
96                    	 2.75
97                    	 3.64
98                    	 2.91
99                    	 3.02
200                    	 3.56
201                    	 3.88
202                    	 4.56
203                    	 4.94
204                    	 4.26
205                    	 3.64
206                    	 3.71
207                    	 3.53
208                    	 2.73
209                    	 7.59
210                    	 2.55
211                    	 4.45
212                    	 2.97
213                    	 2.88
214                    	 2.50
215                    	 2.47
216                    	 7.49
217                    	 3.96
218                    	 3.05
219                    	 4.22
220                    	 4.36
221                    	 3.70
222                    	 2.78
223                    	 5.44
224                    	 4.70
225                    	 3.19
226                    	 4.19
227                    	 3.10
228                    	 5.29
229                    	 4.25
230                    	 3.53
231                    	 5.44
232                    	 3.59
233                    	 3.81
234                    	 10.59
235                    	 2.31
236                    	 3.36
237                    	 4.54
238                    	 3.58
239                    	 2.90
240                    	 3.58
241                    	 3.23
242                    	 3.27
243                    	 2.99
244                    	 2.36
245                    	 6.62
246                    	 3.29
247                    	 9.05
248                    	 3.91
249                    	 7.80
250                    	 3.54
251                    	 4.60
252                    	 6.82
253                    	 3.50
254                    	 3.99
255                    	 3.14
256                    	 3.69
257                    	 2.81
258                    	 4.83
259                    	 3.23
260                    	 3.15
261                    	 10.37
262                    	 4.84
263                    	 3.59
264                    	 4.04
265                    	 3.45
266                    	 4.73
267                    	 4.09
268                    	 4.61
269                    	 6.62
270                    	 4.51
271                    	 5.93
272                    	 4.23
273                    	 6.27
274                    	 6.63
275                    	 10.98
276                    	 2.75
277                    	 5.36
278                    	 4.86
279                    	 4.91
280                    	 4.54
281                    	 4.38
282                    	 3.51
283                    	 5.20
284                    	 8.00
285                    	 4.03
286                    	 4.63
287                    	 7.61
288                    	 4.94
289                    	 4.92
290                    	 11.94
291                    	 3.65
292                    	 3.02
293                    	 7.59
294                    	 6.53
295                    	 4.47
296                    	 11.52
297                    	 4.80
298                    	 5.21
299                    	 13.59
