#Number of gate                  #BASE
1                    	 0.25
11                    	 0.77
21                    	 1.22
31                    	 2.55
41                    	 2.41
51                    	 3.92
61                    	 4.62
71                    	 5.66
81                    	 10.33
91                    	 11.02
101                    	 22.66
111                    	 22.41
121                    	 22.30
131                    	 25.19
141                    	 34.07
151                    	 46.50
161                    	 40.55
171                    	 90.75
181                    	 62.17
191                    	 99.78
201                    	 89.57
