
#Number of gate                  #BASE
1                    	 0.14
11                    	 0.39
21                    	 0.71
31                    	 0.82
41                    	 1.00
51                    	 1.52
61                    	 1.48
71                    	 2.21
81                    	 1.65
91                    	 2.77
101                    	 2.78
111                    	 4.28
121                    	 3.45
131                    	 4.79
141                    	 5.44
151                    	 7.62
161                    	 6.01
171                    	 10.00
181                    	 9.21
191                    	 10.21
201                    	 12.55
