#Number of gate                  #BASE                 #XOR
1                 	 0.00                 	 0.00
11                 	 0.00                 	 0.00
21                 	 0.00                 	 0.00
31                 	 0.00                 	 0.00
41                 	 0.00                 	 0.00
51                 	 0.00                 	 0.00
61                 	 0.00                 	 0.00
71                 	 0.00                 	 0.00
81                 	 0.00                 	 0.00
91                 	 0.00                 	 0.00
101                 	 0.00                 	 0.00
111                 	 0.00                 	 0.00
121                 	 0.00                 	 0.00
131                 	 0.00                 	 0.00
141                 	 0.00                 	 0.00
151                 	 0.00                 	 0.00
161                 	 0.00                 	 0.00
171                 	 0.00                 	 0.00
181                 	 0.00                 	 0.00
191                 	 0.00                 	 0.00
201                 	 0.00                 	 0.00
#Number of gate                  #BASE                 #XOR
1                 	 0.00                 	 0.00
11                 	 0.00                 	 0.00
21                 	 0.00                 	 0.00
1                 	 0.00                 	 0.00
1                 	 0.00                 	 0.00
1                 	 0.00                 	 0.00
61                 	 0.00                 	 0.00
71                 	 0.00                 	 0.00
81                 	 0.00                 	 0.00
91                 	 0.00                 	 0.00
101                 	 0.00                 	 0.00
111                 	 0.00                 	 0.00
121                 	 0.00                 	 0.00
131                 	 0.00                 	 0.00
141                 	 0.00                 	 0.00
151                 	 0.00                 	 0.00
161                 	 0.00                 	 0.00
171                 	 0.00                 	 0.00
181                 	 0.00                 	 0.00
191                 	 0.00                 	 0.00
201                 	 0.00                 	 0.00
