#Number of gate                  #BASE                 #XOR
1              	 1.21              	 2.68
11              	 2.98              	 3.86
21              	 4.05              	 6.12
31              	 6.46              	 7.61
41              	 7.38              	 9.64
51              	 8.69              	 12.81
61              	 11.77              	 12.11
71              	 14.23              	 16.49
81              	 16.05              	 17.64
91              	 18.15              	 23.54
101              	 23.05              	 26.61
111              	 27.26              	 35.38
121              	 28.92              	 35.59
131              	 28.56              	 34.77
141              	 37.11              	 49.76
151              	 38.83              	 56.85
161              	 39.42              	 53.15
171              	 52.42              	 63.80
181              	 50.01              	 66.73
191              	 53.39              	 77.76
201              	 56.61              	 74.84
