#Number of gate         #BASE                 #XOR
1              		 0.79              	 8.70
11              	 2.18              	 9.01
21              	 3.80              	 26.67
31              	 4.97              	 18.73
41              	 7.73              	 21.29
51              	 8.72              	 14.70
61              	 19.44              	 43.67
71              	 21.34              	 40.47
81              	 29.68              	 37.89
91              	 35.60              	 64.13
101              	 34.25              	 59.03
111              	 55.64              	 81.17
121              	 56.37              	 109.07
131              	 56.88              	 89.40
141              	 79.51              	 107.99
151              	 87.32              	 105.95
161              	 98.27              	 181.54
171              	 173.18              	 234.25
181              	 139.61              	 412.26
191              	 150.06              	 316.46
201              	 290.21              	 374.62
