#Number of gate        #BASE                 #XOR
1              		0.23              	 16.09
11            		  0.73              	 139.78
21              	 1.46              	 141.73
31              	 3.53              	 367.61
41              	 4.23              	 352.72
51              	 8.74              	 525.63
61              	 12.83              	 1113.32
71              	 24.93              	 2130.17
81              	 41.55                   ?
91              	 55.65              	 6397.01
101              	 117.90              	 8855.94
111              	 61.13              