#Number of gate                  #BASE
1                    	 0.97
11                    	 3.18
21                    	 5.09
31                    	 7.05
41                   	 11.42
51                    	 12.20
61                    	 29.26
71                    	 35.37
81                    	 62.07
91                    	 63.53
101                    	 55.08
111                    	 85.99
121                    	 90.31
131                    	 90.04
141                    	 112.77
151                    	 123.25
161                    	 136.32
171                    	 198.39
181                    	 140.68
191                    	 152.27
201                    	 281.85
