#Number of gate                  #BASE
1                    	 0.53
11                    	 2.01
21                    	 3.45
31                    	 5.07
41                    	 7.16
51                    	 7.82
61                    	 11.41
71                    	 13.85
81                    	 12.04
91                    	 19.79
101                    	 16.07
111                    	 23.32
121                    	 28.91
131                    	 45.36
141                    	 36.50
151                    	 42.14
161                    	 43.56
171                    	 58.90
181                    	 44.04
191                    	 55.44
201                    	 56.59
