#Number of gate                  #BASE
1                    	 1.78
11                    	 4.08
21                    	 5.57
31                    	 10.20
41                    	 12.31
51                    	 13.46
61                    	 19.67
71                    	 24.21
81                    	 26.25
91                    	 27.89
101                    	 37.51
111                    	 45.99
121                    	 47.29
131                    	 47.66
141                    	 62.95
151                    	 62.39
161                    	 64.53
171                    	 92.29
181                    	 94.56
191                    	 95.82
201                    	 95.52
