
#Number of gate                  #BASE
1                    	 1.41
11                    	 2.37
21                    	 2.10
31                    	 3.79
41                    	 4.93
51                    	 4.20
61                    	 6.45
71                    	 9.81
81                    	 9.80
91                    	 8.03
101                    	 11.72
111                    	 15.51
121                    	 14.88
131                    	 17.02
141                    	 17.81
151                    	 12.37
161                    	 19.02
171                    	 17.29
181                    	 21.47
191                    	 29.66
201                    	 25.44
