#Number of gate                  #BASE
                    	 0.17
2                    	 0.17
3                    	 0.21
                    	 0.20
5                    	 0.23
6                    	 0.26
7                    	 0.20
                    	 0.17
9                    	 0.25
                    	 0.28
                    	 0.22
2                    	 0.20
3                    	 0.22
                    	 0.29
5                    	 0.24
6                    	 0.28
7                    	 0.26
                    	 0.23
9                    	 0.26
20                    	 0.26
21                    	 0.26
22                    	 0.25
23                    	 0.28
24                    	 0.26
25                    	 0.27
26                    	 0.29
27                    	 0.31
28                    	 0.30
29                    	 0.49
30                    	 0.30
31                    	 0.34
32                    	 0.37
33                    	 0.38
34                    	 0.39
35                    	 0.28
36                    	 0.28
37                    	 0.29
38                    	 0.43
39                    	 0.40
                    	 0.29
                    	 0.31
2                    	 0.32
3                    	 0.40
                    	 0.45
5                    	 0.29
6                    	 0.42
7                    	 0.40
                    	 0.35
9                    	 0.45
50                    	 0.51
51                    	 0.48
52                    	 0.61
53                    	 0.46
54                    	 0.55
55                    	 0.53
56                    	 0.48
57                    	 0.58
58                    	 0.42
59                    	 0.40
60                    	 0.47
61                    	 0.45
62                    	 0.57
63                    	 0.70
64                    	 0.47
65                    	 0.55
66                    	 0.79
67                    	 0.52
68                    	 0.51
69                    	 0.55
70                    	 0.43
71                    	 0.44
72                    	 0.54
73                    	 0.66
74                    	 0.67
75                    	 0.64
76                    	 0.62
77                    	 0.51
78                    	 0.60
79                    	 0.68
                    	 0.57
                    	 0.56
2                    	 0.79
3                    	 0.44
                    	 0.73
5                    	 0.50
