
#Number of gate                  #BASE
1                    	 1.26
11                    	 2.37
21                    	 4.16
31                    	 4.30
41                    	 6.14
51                    	 6.02
61                    	 9.78
71                    	 10.53
81                    	 15.57
91                    	 13.78
101                    	 17.07
111                    	 18.17
121                    	 16.33
131                    	 20.66
141                    	 38.50
151                    	 21.23
161                    	 25.09
171                    	 24.54
181                    	 25.65
191                    	 29.70
201                    	 38.49
