#Number of gate                  #BASE
1                    	 1.40
11                    	 3.04
21                    	 4.20
31                    	 6.87
41                    	 8.37
51                    	 8.47
61                    	 12.11
71                    	 15.71
81                    	 16.20
91                    	 21.39
101                    	 29.59
111                    	 39.94
121                    	 46.40
131                    	 58.93
141                    	 70.23
151                    	 63.22
161                    	 63.15
171                    	 84.32
181                    	 82.32
191                    	 81.00
201                    	 78.72
