461 508 0
-461 -508 0
462 509 0
-462 -509 0
464 510 0
-464 -510 0
466 511 0
-466 -511 0
468 512 0
-468 -512 0
470 513 0
-470 -513 0
472 514 0
-472 -514 0
474 515 0
-474 -515 0
476 516 0
-476 -516 0
478 517 0
-478 -517 0
480 518 0
-480 -518 0
482 519 0
-482 -519 0
484 520 0
-484 -520 0
486 521 0
-486 -521 0
488 522 0
-488 -522 0
490 523 0
-490 -523 0
492 524 0
-492 -524 0
494 525 0
-494 -525 0
-508 -462 -526 0
508 526 0
462 526 0
463 509 527 0
-463 -527 0
-509 -527 0
465 509 528 0
-465 -528 0
-509 -528 0
-510 -466 -529 0
510 529 0
466 529 0
-512 -470 -530 0
512 530 0
470 530 0
-514 -474 -531 0
514 531 0
474 531 0
-516 -478 -532 0
516 532 0
478 532 0
-518 -482 -533 0
518 533 0
482 533 0
-520 -486 -534 0
520 534 0
486 534 0
-522 -490 -535 0
522 535 0
490 535 0
-524 -494 -536 0
524 536 0
494 536 0
467 511 537 0
-467 -537 0
-511 -537 0
469 511 538 0
-469 -538 0
-511 -538 0
471 513 539 0
-471 -539 0
-513 -539 0
473 513 540 0
-473 -540 0
-513 -540 0
475 515 541 0
-475 -541 0
-515 -541 0
477 515 542 0
-477 -542 0
-515 -542 0
479 517 543 0
-479 -543 0
-517 -543 0
481 517 544 0
-481 -544 0
-517 -544 0
483 519 545 0
-483 -545 0
-519 -545 0
485 519 546 0
-485 -546 0
-519 -546 0
487 521 547 0
-487 -547 0
-521 -547 0
489 521 548 0
-489 -548 0
-521 -548 0
491 523 549 0
-491 -549 0
-523 -549 0
493 523 550 0
-493 -550 0
-523 -550 0
495 525 551 0
-495 -551 0
-525 -551 0
496 525 552 0
-496 -552 0
-525 -552 0
-526 -663 -530 -531 -532 -533 -534 -535 -536 553 0
526 -553 0
663 -553 0
530 -553 0
531 -553 0
532 -553 0
533 -553 0
534 -553 0
535 -553 0
536 -553 0
553 554 0
-553 -554 0
553 555 0
-553 -555 0
553 501 0
-553 -501 0
-554 -526 -556 0
554 526 -556 0
554 -526 556 0
-554 526 556 0
-554 -676 -557 0
554 676 -557 0
554 -676 557 0
-554 676 557 0
-554 -530 -558 0
554 530 -558 0
554 -530 558 0
-554 530 558 0
-554 -531 -559 0
554 531 -559 0
554 -531 559 0
-554 531 559 0
-554 -532 -560 0
554 532 -560 0
554 -532 560 0
-554 532 560 0
-554 -533 -561 0
554 533 -561 0
554 -533 561 0
-554 533 561 0
-461 -555 -562 0
461 562 0
555 562 0
-554 -534 -563 0
554 534 -563 0
554 -534 563 0
-554 534 563 0
-555 -464 -564 0
555 564 0
464 564 0
-554 -535 -565 0
554 535 -565 0
554 -535 565 0
-554 535 565 0
-555 -468 -566 0
555 566 0
468 566 0
-554 -536 -567 0
554 536 -567 0
554 -536 567 0
-554 536 567 0
-555 -472 -568 0
555 568 0
472 568 0
-555 -476 -569 0
555 569 0
476 569 0
-555 -480 -570 0
555 570 0
480 570 0
-555 -484 -571 0
555 571 0
484 571 0
-555 -488 -572 0
555 572 0
488 572 0
-555 -492 -573 0
555 573 0
492 573 0
-556 -527 -574 0
556 574 0
527 574 0
-556 -528 -575 0
556 575 0
528 575 0
-557 -537 -576 0
557 576 0
537 576 0
-558 -539 -577 0
558 577 0
539 577 0
-559 -541 -578 0
559 578 0
541 578 0
-560 -543 -579 0
560 579 0
543 579 0
-561 -545 -580 0
561 580 0
545 580 0
-563 -547 -581 0
563 581 0
547 581 0
-565 -549 -582 0
565 582 0
549 582 0
-567 -551 -583 0
567 583 0
551 583 0
-557 -538 -584 0
557 584 0
538 584 0
-558 -540 -585 0
558 585 0
540 585 0
-559 -542 -586 0
559 586 0
542 586 0
-560 -544 -587 0
560 587 0
544 587 0
-561 -546 -588 0
561 588 0
546 588 0
-563 -548 -589 0
563 589 0
548 589 0
-565 -550 -590 0
565 590 0
550 590 0
-567 -552 -591 0
567 591 0
552 591 0
-574 -576 -577 -578 -579 -580 -581 -582 -583 592 0
574 -592 0
576 -592 0
577 -592 0
578 -592 0
579 -592 0
580 -592 0
581 -592 0
582 -592 0
583 -592 0
575 593 0
-575 -593 0
584 594 0
-584 -594 0
585 595 0
-585 -595 0
586 596 0
-586 -596 0
587 597 0
-587 -597 0
588 598 0
-588 -598 0
589 599 0
-589 -599 0
590 600 0
-590 -600 0
591 601 0
-591 -601 0
592 602 0
-592 -602 0
592 603 0
-592 -603 0
592 502 0
-592 -502 0
-602 -574 -604 0
602 574 -604 0
602 -574 604 0
-602 574 604 0
-602 -576 -605 0
602 576 -605 0
602 -576 605 0
-602 576 605 0
-602 -577 -606 0
602 577 -606 0
602 -577 606 0
-602 577 606 0
-602 -578 -607 0
602 578 -607 0
602 -578 607 0
-602 578 607 0
-463 -603 -608 0
463 608 0
603 608 0
-602 -579 -609 0
602 579 -609 0
602 -579 609 0
-602 579 609 0
-603 -467 -610 0
603 610 0
467 610 0
-602 -580 -611 0
602 580 -611 0
602 -580 611 0
-602 580 611 0
-603 -471 -612 0
603 612 0
471 612 0
-602 -581 -613 0
602 581 -613 0
602 -581 613 0
-602 581 613 0
-603 -475 -614 0
603 614 0
475 614 0
-602 -582 -615 0
602 582 -615 0
602 -582 615 0
-602 582 615 0
-603 -479 -616 0
603 616 0
479 616 0
-602 -583 -617 0
602 583 -617 0
602 -583 617 0
-602 583 617 0
-603 -483 -618 0
603 618 0
483 618 0
-603 -487 -619 0
603 619 0
487 619 0
-603 -491 -620 0
603 620 0
491 620 0
-603 -495 -621 0
603 621 0
495 621 0
-604 -593 -622 0
604 622 0
593 622 0
-605 -594 -623 0
605 623 0
594 623 0
-606 -595 -624 0
606 624 0
595 624 0
-607 -596 -625 0
607 625 0
596 625 0
-609 -597 -626 0
609 626 0
597 626 0
-611 -598 -627 0
611 627 0
598 627 0
-613 -599 -628 0
613 628 0
599 628 0
-615 -600 -629 0
615 629 0
600 629 0
-617 -601 -630 0
617 630 0
601 630 0
-622 -623 -624 -625 -626 -627 -628 -629 -630 631 0
622 -631 0
623 -631 0
624 -631 0
625 -631 0
626 -631 0
627 -631 0
628 -631 0
629 -631 0
630 -631 0
631 632 0
-631 -632 0
631 503 0
-631 -503 0
-465 -632 -633 0
465 633 0
632 633 0
-632 -469 -634 0
632 634 0
469 634 0
-632 -473 -635 0
632 635 0
473 635 0
-632 -477 -636 0
632 636 0
477 636 0
-632 -481 -637 0
632 637 0
481 637 0
-632 -485 -638 0
632 638 0
485 638 0
-632 -489 -639 0
632 639 0
489 639 0
-632 -493 -640 0
632 640 0
493 640 0
-632 -496 -641 0
632 641 0
496 641 0
-462 -562 -608 -633 -642 0
462 642 0
562 642 0
608 642 0
633 642 0
-564 -610 -634 -466 -643 0
564 643 0
610 643 0
634 643 0
466 643 0
-566 -612 -635 -470 -644 0
566 644 0
612 644 0
635 644 0
470 644 0
-568 -614 -636 -474 -645 0
568 645 0
614 645 0
636 645 0
474 645 0
-569 -616 -637 -478 -646 0
569 646 0
616 646 0
637 646 0
478 646 0
-570 -618 -638 -482 -647 0
570 647 0
618 647 0
638 647 0
482 647 0
-571 -619 -639 -486 -648 0
571 648 0
619 648 0
639 648 0
486 648 0
-572 -620 -640 -490 -649 0
572 649 0
620 649 0
640 649 0
490 649 0
-573 -621 -641 -494 -650 0
573 650 0
621 650 0
641 650 0
494 650 0
642 651 0
-642 -651 0
-643 -644 -645 -646 -647 -648 -649 -650 652 0
643 -652 0
644 -652 0
645 -652 0
646 -652 0
647 -652 0
648 -652 0
649 -652 0
650 -652 0
645 653 0
-645 -653 0
647 654 0
-647 -654 0
648 655 0
-648 -655 0
649 656 0
-649 -656 0
651 652 504 0
-651 -504 0
-652 -504 0
-644 -653 -657 0
644 657 0
653 657 0
-644 -645 -654 -646 -658 0
644 658 0
645 658 0
654 658 0
646 658 0
-646 -645 -655 -659 0
646 659 0
645 659 0
655 659 0
-644 -645 -648 -656 -660 0
644 660 0
645 660 0
648 660 0
656 660 0
-643 -644 -657 -646 -505 0
643 505 0
644 505 0
657 505 0
646 505 0
-643 -644 -658 -659 -506 0
643 506 0
644 506 0
658 506 0
659 506 0
-643 -657 -658 -660 -507 0
643 507 0
657 507 0
658 507 0
660 507 0
497 661 0
-497 -661 0
498 662 0
-498 -662 0
-528 -661 664 0
528 -664 0
661 -664 0
-637 -661 665 0
637 -665 0
661 -665 0
-624 -497 666 0
624 -666 0
497 -666 0
-529 -497 667 0
529 -667 0
497 -667 0
-664 -662 673 0
664 -673 0
662 -673 0
-665 -498 671 0
665 -671 0
498 -671 0
-666 -662 669 0
666 -669 0
662 -669 0
-667 -498 668 0
667 -668 0
498 -668 0
668 669 -670 0
-668 670 0
-669 670 0
670 671 -672 0
-670 672 0
-671 672 0
673 672 -663 0
-673 663 0
-672 663 0
499 674 0
-499 -674 0
500 675 0
-500 -675 0
-528 -674 677 0
528 -677 0
674 -677 0
-637 -674 678 0
637 -678 0
674 -678 0
-624 -499 679 0
624 -679 0
499 -679 0
-529 -499 680 0
529 -680 0
499 -680 0
-677 -675 686 0
677 -686 0
675 -686 0
-678 -500 684 0
678 -684 0
500 -684 0
-679 -675 682 0
679 -682 0
675 -682 0
-680 -500 681 0
680 -681 0
500 -681 0
681 682 -683 0
-681 683 0
-682 683 0
683 684 -685 0
-683 685 0
-684 685 0
686 685 -676 0
-686 676 0
-685 676 0
37 -497 0
-37 497 0
38 -498 0
-38 498 0
39 -499 0
-39 499 0
40 -500 0
-40 500 0
-461 0
-462 0
-463 0
464 0
-465 0
466 0
467 0
468 0
-469 0
470 0
471 0
-472 0
473 0
-474 0
-475 0
-476 0
477 0
-478 0
479 0
480 0
481 0
482 0
483 0
484 0
-485 0
486 0
487 0
488 0
-489 0
490 0
491 0
492 0
-493 0
494 0
495 0
496 0
-501 0
-502 0
503 0
504 0
505 0
506 0
507 0
687 734 0
-687 -734 0
688 735 0
-688 -735 0
690 736 0
-690 -736 0
692 737 0
-692 -737 0
694 738 0
-694 -738 0
696 739 0
-696 -739 0
698 740 0
-698 -740 0
700 741 0
-700 -741 0
702 742 0
-702 -742 0
704 743 0
-704 -743 0
706 744 0
-706 -744 0
708 745 0
-708 -745 0
710 746 0
-710 -746 0
712 747 0
-712 -747 0
714 748 0
-714 -748 0
716 749 0
-716 -749 0
718 750 0
-718 -750 0
720 751 0
-720 -751 0
-734 -688 -752 0
734 752 0
688 752 0
689 735 753 0
-689 -753 0
-735 -753 0
691 735 754 0
-691 -754 0
-735 -754 0
-736 -692 -755 0
736 755 0
692 755 0
-738 -696 -756 0
738 756 0
696 756 0
-740 -700 -757 0
740 757 0
700 757 0
-742 -704 -758 0
742 758 0
704 758 0
-744 -708 -759 0
744 759 0
708 759 0
-746 -712 -760 0
746 760 0
712 760 0
-748 -716 -761 0
748 761 0
716 761 0
-750 -720 -762 0
750 762 0
720 762 0
693 737 763 0
-693 -763 0
-737 -763 0
695 737 764 0
-695 -764 0
-737 -764 0
697 739 765 0
-697 -765 0
-739 -765 0
699 739 766 0
-699 -766 0
-739 -766 0
701 741 767 0
-701 -767 0
-741 -767 0
703 741 768 0
-703 -768 0
-741 -768 0
705 743 769 0
-705 -769 0
-743 -769 0
707 743 770 0
-707 -770 0
-743 -770 0
709 745 771 0
-709 -771 0
-745 -771 0
711 745 772 0
-711 -772 0
-745 -772 0
713 747 773 0
-713 -773 0
-747 -773 0
715 747 774 0
-715 -774 0
-747 -774 0
717 749 775 0
-717 -775 0
-749 -775 0
719 749 776 0
-719 -776 0
-749 -776 0
721 751 777 0
-721 -777 0
-751 -777 0
722 751 778 0
-722 -778 0
-751 -778 0
-752 -889 -756 -757 -758 -759 -760 -761 -762 779 0
752 -779 0
889 -779 0
756 -779 0
757 -779 0
758 -779 0
759 -779 0
760 -779 0
761 -779 0
762 -779 0
779 780 0
-779 -780 0
779 781 0
-779 -781 0
779 727 0
-779 -727 0
-780 -752 -782 0
780 752 -782 0
780 -752 782 0
-780 752 782 0
-780 -902 -783 0
780 902 -783 0
780 -902 783 0
-780 902 783 0
-780 -756 -784 0
780 756 -784 0
780 -756 784 0
-780 756 784 0
-780 -757 -785 0
780 757 -785 0
780 -757 785 0
-780 757 785 0
-780 -758 -786 0
780 758 -786 0
780 -758 786 0
-780 758 786 0
-780 -759 -787 0
780 759 -787 0
780 -759 787 0
-780 759 787 0
-687 -781 -788 0
687 788 0
781 788 0
-780 -760 -789 0
780 760 -789 0
780 -760 789 0
-780 760 789 0
-781 -690 -790 0
781 790 0
690 790 0
-780 -761 -791 0
780 761 -791 0
780 -761 791 0
-780 761 791 0
-781 -694 -792 0
781 792 0
694 792 0
-780 -762 -793 0
780 762 -793 0
780 -762 793 0
-780 762 793 0
-781 -698 -794 0
781 794 0
698 794 0
-781 -702 -795 0
781 795 0
702 795 0
-781 -706 -796 0
781 796 0
706 796 0
-781 -710 -797 0
781 797 0
710 797 0
-781 -714 -798 0
781 798 0
714 798 0
-781 -718 -799 0
781 799 0
718 799 0
-782 -753 -800 0
782 800 0
753 800 0
-782 -754 -801 0
782 801 0
754 801 0
-783 -763 -802 0
783 802 0
763 802 0
-784 -765 -803 0
784 803 0
765 803 0
-785 -767 -804 0
785 804 0
767 804 0
-786 -769 -805 0
786 805 0
769 805 0
-787 -771 -806 0
787 806 0
771 806 0
-789 -773 -807 0
789 807 0
773 807 0
-791 -775 -808 0
791 808 0
775 808 0
-793 -777 -809 0
793 809 0
777 809 0
-783 -764 -810 0
783 810 0
764 810 0
-784 -766 -811 0
784 811 0
766 811 0
-785 -768 -812 0
785 812 0
768 812 0
-786 -770 -813 0
786 813 0
770 813 0
-787 -772 -814 0
787 814 0
772 814 0
-789 -774 -815 0
789 815 0
774 815 0
-791 -776 -816 0
791 816 0
776 816 0
-793 -778 -817 0
793 817 0
778 817 0
-800 -802 -803 -804 -805 -806 -807 -808 -809 818 0
800 -818 0
802 -818 0
803 -818 0
804 -818 0
805 -818 0
806 -818 0
807 -818 0
808 -818 0
809 -818 0
801 819 0
-801 -819 0
810 820 0
-810 -820 0
811 821 0
-811 -821 0
812 822 0
-812 -822 0
813 823 0
-813 -823 0
814 824 0
-814 -824 0
815 825 0
-815 -825 0
816 826 0
-816 -826 0
817 827 0
-817 -827 0
818 828 0
-818 -828 0
818 829 0
-818 -829 0
818 728 0
-818 -728 0
-828 -800 -830 0
828 800 -830 0
828 -800 830 0
-828 800 830 0
-828 -802 -831 0
828 802 -831 0
828 -802 831 0
-828 802 831 0
-828 -803 -832 0
828 803 -832 0
828 -803 832 0
-828 803 832 0
-828 -804 -833 0
828 804 -833 0
828 -804 833 0
-828 804 833 0
-689 -829 -834 0
689 834 0
829 834 0
-828 -805 -835 0
828 805 -835 0
828 -805 835 0
-828 805 835 0
-829 -693 -836 0
829 836 0
693 836 0
-828 -806 -837 0
828 806 -837 0
828 -806 837 0
-828 806 837 0
-829 -697 -838 0
829 838 0
697 838 0
-828 -807 -839 0
828 807 -839 0
828 -807 839 0
-828 807 839 0
-829 -701 -840 0
829 840 0
701 840 0
-828 -808 -841 0
828 808 -841 0
828 -808 841 0
-828 808 841 0
-829 -705 -842 0
829 842 0
705 842 0
-828 -809 -843 0
828 809 -843 0
828 -809 843 0
-828 809 843 0
-829 -709 -844 0
829 844 0
709 844 0
-829 -713 -845 0
829 845 0
713 845 0
-829 -717 -846 0
829 846 0
717 846 0
-829 -721 -847 0
829 847 0
721 847 0
-830 -819 -848 0
830 848 0
819 848 0
-831 -820 -849 0
831 849 0
820 849 0
-832 -821 -850 0
832 850 0
821 850 0
-833 -822 -851 0
833 851 0
822 851 0
-835 -823 -852 0
835 852 0
823 852 0
-837 -824 -853 0
837 853 0
824 853 0
-839 -825 -854 0
839 854 0
825 854 0
-841 -826 -855 0
841 855 0
826 855 0
-843 -827 -856 0
843 856 0
827 856 0
-848 -849 -850 -851 -852 -853 -854 -855 -856 857 0
848 -857 0
849 -857 0
850 -857 0
851 -857 0
852 -857 0
853 -857 0
854 -857 0
855 -857 0
856 -857 0
857 858 0
-857 -858 0
857 729 0
-857 -729 0
-691 -858 -859 0
691 859 0
858 859 0
-858 -695 -860 0
858 860 0
695 860 0
-858 -699 -861 0
858 861 0
699 861 0
-858 -703 -862 0
858 862 0
703 862 0
-858 -707 -863 0
858 863 0
707 863 0
-858 -711 -864 0
858 864 0
711 864 0
-858 -715 -865 0
858 865 0
715 865 0
-858 -719 -866 0
858 866 0
719 866 0
-858 -722 -867 0
858 867 0
722 867 0
-688 -788 -834 -859 -868 0
688 868 0
788 868 0
834 868 0
859 868 0
-790 -836 -860 -692 -869 0
790 869 0
836 869 0
860 869 0
692 869 0
-792 -838 -861 -696 -870 0
792 870 0
838 870 0
861 870 0
696 870 0
-794 -840 -862 -700 -871 0
794 871 0
840 871 0
862 871 0
700 871 0
-795 -842 -863 -704 -872 0
795 872 0
842 872 0
863 872 0
704 872 0
-796 -844 -864 -708 -873 0
796 873 0
844 873 0
864 873 0
708 873 0
-797 -845 -865 -712 -874 0
797 874 0
845 874 0
865 874 0
712 874 0
-798 -846 -866 -716 -875 0
798 875 0
846 875 0
866 875 0
716 875 0
-799 -847 -867 -720 -876 0
799 876 0
847 876 0
867 876 0
720 876 0
868 877 0
-868 -877 0
-869 -870 -871 -872 -873 -874 -875 -876 878 0
869 -878 0
870 -878 0
871 -878 0
872 -878 0
873 -878 0
874 -878 0
875 -878 0
876 -878 0
871 879 0
-871 -879 0
873 880 0
-873 -880 0
874 881 0
-874 -881 0
875 882 0
-875 -882 0
877 878 730 0
-877 -730 0
-878 -730 0
-870 -879 -883 0
870 883 0
879 883 0
-870 -871 -880 -872 -884 0
870 884 0
871 884 0
880 884 0
872 884 0
-872 -871 -881 -885 0
872 885 0
871 885 0
881 885 0
-870 -871 -874 -882 -886 0
870 886 0
871 886 0
874 886 0
882 886 0
-869 -870 -883 -872 -731 0
869 731 0
870 731 0
883 731 0
872 731 0
-869 -870 -884 -885 -732 0
869 732 0
870 732 0
884 732 0
885 732 0
-869 -883 -884 -886 -733 0
869 733 0
883 733 0
884 733 0
886 733 0
723 887 0
-723 -887 0
724 888 0
-724 -888 0
-754 -887 890 0
754 -890 0
887 -890 0
-863 -887 891 0
863 -891 0
887 -891 0
-850 -723 892 0
850 -892 0
723 -892 0
-755 -723 893 0
755 -893 0
723 -893 0
-890 -888 899 0
890 -899 0
888 -899 0
-891 -724 897 0
891 -897 0
724 -897 0
-892 -888 895 0
892 -895 0
888 -895 0
-893 -724 894 0
893 -894 0
724 -894 0
894 895 -896 0
-894 896 0
-895 896 0
896 897 -898 0
-896 898 0
-897 898 0
899 898 -889 0
-899 889 0
-898 889 0
725 900 0
-725 -900 0
726 901 0
-726 -901 0
-754 -900 903 0
754 -903 0
900 -903 0
-863 -900 904 0
863 -904 0
900 -904 0
-850 -725 905 0
850 -905 0
725 -905 0
-755 -725 906 0
755 -906 0
725 -906 0
-903 -901 912 0
903 -912 0
901 -912 0
-904 -726 910 0
904 -910 0
726 -910 0
-905 -901 908 0
905 -908 0
901 -908 0
-906 -726 907 0
906 -907 0
726 -907 0
907 908 -909 0
-907 909 0
-908 909 0
909 910 -911 0
-909 911 0
-910 911 0
912 911 -902 0
-912 902 0
-911 902 0
67 -723 0
-67 723 0
68 -724 0
-68 724 0
69 -725 0
-69 725 0
70 -726 0
-70 726 0
-687 0
-688 0
-689 0
690 0
-691 0
692 0
693 0
694 0
-695 0
696 0
697 0
-698 0
699 0
-700 0
-701 0
-702 0
703 0
-704 0
705 0
706 0
707 0
708 0
709 0
710 0
-711 0
712 0
713 0
714 0
-715 0
716 0
717 0
718 0
-719 0
720 0
721 0
722 0
-727 0
-728 0
729 0
730 0
731 0
732 0
733 0
913 960 0
-913 -960 0
914 961 0
-914 -961 0
916 962 0
-916 -962 0
918 963 0
-918 -963 0
920 964 0
-920 -964 0
922 965 0
-922 -965 0
924 966 0
-924 -966 0
926 967 0
-926 -967 0
928 968 0
-928 -968 0
930 969 0
-930 -969 0
932 970 0
-932 -970 0
934 971 0
-934 -971 0
936 972 0
-936 -972 0
938 973 0
-938 -973 0
940 974 0
-940 -974 0
942 975 0
-942 -975 0
944 976 0
-944 -976 0
946 977 0
-946 -977 0
-960 -914 -978 0
960 978 0
914 978 0
915 961 979 0
-915 -979 0
-961 -979 0
917 961 980 0
-917 -980 0
-961 -980 0
-962 -918 -981 0
962 981 0
918 981 0
-964 -922 -982 0
964 982 0
922 982 0
-966 -926 -983 0
966 983 0
926 983 0
-968 -930 -984 0
968 984 0
930 984 0
-970 -934 -985 0
970 985 0
934 985 0
-972 -938 -986 0
972 986 0
938 986 0
-974 -942 -987 0
974 987 0
942 987 0
-976 -946 -988 0
976 988 0
946 988 0
919 963 989 0
-919 -989 0
-963 -989 0
921 963 990 0
-921 -990 0
-963 -990 0
923 965 991 0
-923 -991 0
-965 -991 0
925 965 992 0
-925 -992 0
-965 -992 0
927 967 993 0
-927 -993 0
-967 -993 0
929 967 994 0
-929 -994 0
-967 -994 0
931 969 995 0
-931 -995 0
-969 -995 0
933 969 996 0
-933 -996 0
-969 -996 0
935 971 997 0
-935 -997 0
-971 -997 0
937 971 998 0
-937 -998 0
-971 -998 0
939 973 999 0
-939 -999 0
-973 -999 0
941 973 1000 0
-941 -1000 0
-973 -1000 0
943 975 1001 0
-943 -1001 0
-975 -1001 0
945 975 1002 0
-945 -1002 0
-975 -1002 0
947 977 1003 0
-947 -1003 0
-977 -1003 0
948 977 1004 0
-948 -1004 0
-977 -1004 0
-978 -1115 -982 -983 -984 -985 -986 -987 -988 1005 0
978 -1005 0
1115 -1005 0
982 -1005 0
983 -1005 0
984 -1005 0
985 -1005 0
986 -1005 0
987 -1005 0
988 -1005 0
1005 1006 0
-1005 -1006 0
1005 1007 0
-1005 -1007 0
1005 953 0
-1005 -953 0
-1006 -978 -1008 0
1006 978 -1008 0
1006 -978 1008 0
-1006 978 1008 0
-1006 -1128 -1009 0
1006 1128 -1009 0
1006 -1128 1009 0
-1006 1128 1009 0
-1006 -982 -1010 0
1006 982 -1010 0
1006 -982 1010 0
-1006 982 1010 0
-1006 -983 -1011 0
1006 983 -1011 0
1006 -983 1011 0
-1006 983 1011 0
-1006 -984 -1012 0
1006 984 -1012 0
1006 -984 1012 0
-1006 984 1012 0
-1006 -985 -1013 0
1006 985 -1013 0
1006 -985 1013 0
-1006 985 1013 0
-913 -1007 -1014 0
913 1014 0
1007 1014 0
-1006 -986 -1015 0
1006 986 -1015 0
1006 -986 1015 0
-1006 986 1015 0
-1007 -916 -1016 0
1007 1016 0
916 1016 0
-1006 -987 -1017 0
1006 987 -1017 0
1006 -987 1017 0
-1006 987 1017 0
-1007 -920 -1018 0
1007 1018 0
920 1018 0
-1006 -988 -1019 0
1006 988 -1019 0
1006 -988 1019 0
-1006 988 1019 0
-1007 -924 -1020 0
1007 1020 0
924 1020 0
-1007 -928 -1021 0
1007 1021 0
928 1021 0
-1007 -932 -1022 0
1007 1022 0
932 1022 0
-1007 -936 -1023 0
1007 1023 0
936 1023 0
-1007 -940 -1024 0
1007 1024 0
940 1024 0
-1007 -944 -1025 0
1007 1025 0
944 1025 0
-1008 -979 -1026 0
1008 1026 0
979 1026 0
-1008 -980 -1027 0
1008 1027 0
980 1027 0
-1009 -989 -1028 0
1009 1028 0
989 1028 0
-1010 -991 -1029 0
1010 1029 0
991 1029 0
-1011 -993 -1030 0
1011 1030 0
993 1030 0
-1012 -995 -1031 0
1012 1031 0
995 1031 0
-1013 -997 -1032 0
1013 1032 0
997 1032 0
-1015 -999 -1033 0
1015 1033 0
999 1033 0
-1017 -1001 -1034 0
1017 1034 0
1001 1034 0
-1019 -1003 -1035 0
1019 1035 0
1003 1035 0
-1009 -990 -1036 0
1009 1036 0
990 1036 0
-1010 -992 -1037 0
1010 1037 0
992 1037 0
-1011 -994 -1038 0
1011 1038 0
994 1038 0
-1012 -996 -1039 0
1012 1039 0
996 1039 0
-1013 -998 -1040 0
1013 1040 0
998 1040 0
-1015 -1000 -1041 0
1015 1041 0
1000 1041 0
-1017 -1002 -1042 0
1017 1042 0
1002 1042 0
-1019 -1004 -1043 0
1019 1043 0
1004 1043 0
-1026 -1028 -1029 -1030 -1031 -1032 -1033 -1034 -1035 1044 0
1026 -1044 0
1028 -1044 0
1029 -1044 0
1030 -1044 0
1031 -1044 0
1032 -1044 0
1033 -1044 0
1034 -1044 0
1035 -1044 0
1027 1045 0
-1027 -1045 0
1036 1046 0
-1036 -1046 0
1037 1047 0
-1037 -1047 0
1038 1048 0
-1038 -1048 0
1039 1049 0
-1039 -1049 0
1040 1050 0
-1040 -1050 0
1041 1051 0
-1041 -1051 0
1042 1052 0
-1042 -1052 0
1043 1053 0
-1043 -1053 0
1044 1054 0
-1044 -1054 0
1044 1055 0
-1044 -1055 0
1044 954 0
-1044 -954 0
-1054 -1026 -1056 0
1054 1026 -1056 0
1054 -1026 1056 0
-1054 1026 1056 0
-1054 -1028 -1057 0
1054 1028 -1057 0
1054 -1028 1057 0
-1054 1028 1057 0
-1054 -1029 -1058 0
1054 1029 -1058 0
1054 -1029 1058 0
-1054 1029 1058 0
-1054 -1030 -1059 0
1054 1030 -1059 0
1054 -1030 1059 0
-1054 1030 1059 0
-915 -1055 -1060 0
915 1060 0
1055 1060 0
-1054 -1031 -1061 0
1054 1031 -1061 0
1054 -1031 1061 0
-1054 1031 1061 0
-1055 -919 -1062 0
1055 1062 0
919 1062 0
-1054 -1032 -1063 0
1054 1032 -1063 0
1054 -1032 1063 0
-1054 1032 1063 0
-1055 -923 -1064 0
1055 1064 0
923 1064 0
-1054 -1033 -1065 0
1054 1033 -1065 0
1054 -1033 1065 0
-1054 1033 1065 0
-1055 -927 -1066 0
1055 1066 0
927 1066 0
-1054 -1034 -1067 0
1054 1034 -1067 0
1054 -1034 1067 0
-1054 1034 1067 0
-1055 -931 -1068 0
1055 1068 0
931 1068 0
-1054 -1035 -1069 0
1054 1035 -1069 0
1054 -1035 1069 0
-1054 1035 1069 0
-1055 -935 -1070 0
1055 1070 0
935 1070 0
-1055 -939 -1071 0
1055 1071 0
939 1071 0
-1055 -943 -1072 0
1055 1072 0
943 1072 0
-1055 -947 -1073 0
1055 1073 0
947 1073 0
-1056 -1045 -1074 0
1056 1074 0
1045 1074 0
-1057 -1046 -1075 0
1057 1075 0
1046 1075 0
-1058 -1047 -1076 0
1058 1076 0
1047 1076 0
-1059 -1048 -1077 0
1059 1077 0
1048 1077 0
-1061 -1049 -1078 0
1061 1078 0
1049 1078 0
-1063 -1050 -1079 0
1063 1079 0
1050 1079 0
-1065 -1051 -1080 0
1065 1080 0
1051 1080 0
-1067 -1052 -1081 0
1067 1081 0
1052 1081 0
-1069 -1053 -1082 0
1069 1082 0
1053 1082 0
-1074 -1075 -1076 -1077 -1078 -1079 -1080 -1081 -1082 1083 0
1074 -1083 0
1075 -1083 0
1076 -1083 0
1077 -1083 0
1078 -1083 0
1079 -1083 0
1080 -1083 0
1081 -1083 0
1082 -1083 0
1083 1084 0
-1083 -1084 0
1083 955 0
-1083 -955 0
-917 -1084 -1085 0
917 1085 0
1084 1085 0
-1084 -921 -1086 0
1084 1086 0
921 1086 0
-1084 -925 -1087 0
1084 1087 0
925 1087 0
-1084 -929 -1088 0
1084 1088 0
929 1088 0
-1084 -933 -1089 0
1084 1089 0
933 1089 0
-1084 -937 -1090 0
1084 1090 0
937 1090 0
-1084 -941 -1091 0
1084 1091 0
941 1091 0
-1084 -945 -1092 0
1084 1092 0
945 1092 0
-1084 -948 -1093 0
1084 1093 0
948 1093 0
-914 -1014 -1060 -1085 -1094 0
914 1094 0
1014 1094 0
1060 1094 0
1085 1094 0
-1016 -1062 -1086 -918 -1095 0
1016 1095 0
1062 1095 0
1086 1095 0
918 1095 0
-1018 -1064 -1087 -922 -1096 0
1018 1096 0
1064 1096 0
1087 1096 0
922 1096 0
-1020 -1066 -1088 -926 -1097 0
1020 1097 0
1066 1097 0
1088 1097 0
926 1097 0
-1021 -1068 -1089 -930 -1098 0
1021 1098 0
1068 1098 0
1089 1098 0
930 1098 0
-1022 -1070 -1090 -934 -1099 0
1022 1099 0
1070 1099 0
1090 1099 0
934 1099 0
-1023 -1071 -1091 -938 -1100 0
1023 1100 0
1071 1100 0
1091 1100 0
938 1100 0
-1024 -1072 -1092 -942 -1101 0
1024 1101 0
1072 1101 0
1092 1101 0
942 1101 0
-1025 -1073 -1093 -946 -1102 0
1025 1102 0
1073 1102 0
1093 1102 0
946 1102 0
1094 1103 0
-1094 -1103 0
-1095 -1096 -1097 -1098 -1099 -1100 -1101 -1102 1104 0
1095 -1104 0
1096 -1104 0
1097 -1104 0
1098 -1104 0
1099 -1104 0
1100 -1104 0
1101 -1104 0
1102 -1104 0
1097 1105 0
-1097 -1105 0
1099 1106 0
-1099 -1106 0
1100 1107 0
-1100 -1107 0
1101 1108 0
-1101 -1108 0
1103 1104 956 0
-1103 -956 0
-1104 -956 0
-1096 -1105 -1109 0
1096 1109 0
1105 1109 0
-1096 -1097 -1106 -1098 -1110 0
1096 1110 0
1097 1110 0
1106 1110 0
1098 1110 0
-1098 -1097 -1107 -1111 0
1098 1111 0
1097 1111 0
1107 1111 0
-1096 -1097 -1100 -1108 -1112 0
1096 1112 0
1097 1112 0
1100 1112 0
1108 1112 0
-1095 -1096 -1109 -1098 -957 0
1095 957 0
1096 957 0
1109 957 0
1098 957 0
-1095 -1096 -1110 -1111 -958 0
1095 958 0
1096 958 0
1110 958 0
1111 958 0
-1095 -1109 -1110 -1112 -959 0
1095 959 0
1109 959 0
1110 959 0
1112 959 0
949 1113 0
-949 -1113 0
950 1114 0
-950 -1114 0
-980 -1113 1116 0
980 -1116 0
1113 -1116 0
-1089 -1113 1117 0
1089 -1117 0
1113 -1117 0
-1076 -949 1118 0
1076 -1118 0
949 -1118 0
-981 -949 1119 0
981 -1119 0
949 -1119 0
-1116 -1114 1125 0
1116 -1125 0
1114 -1125 0
-1117 -950 1123 0
1117 -1123 0
950 -1123 0
-1118 -1114 1121 0
1118 -1121 0
1114 -1121 0
-1119 -950 1120 0
1119 -1120 0
950 -1120 0
1120 1121 -1122 0
-1120 1122 0
-1121 1122 0
1122 1123 -1124 0
-1122 1124 0
-1123 1124 0
1125 1124 -1115 0
-1125 1115 0
-1124 1115 0
951 1126 0
-951 -1126 0
952 1127 0
-952 -1127 0
-980 -1126 1129 0
980 -1129 0
1126 -1129 0
-1089 -1126 1130 0
1089 -1130 0
1126 -1130 0
-1076 -951 1131 0
1076 -1131 0
951 -1131 0
-981 -951 1132 0
981 -1132 0
951 -1132 0
-1129 -1127 1138 0
1129 -1138 0
1127 -1138 0
-1130 -952 1136 0
1130 -1136 0
952 -1136 0
-1131 -1127 1134 0
1131 -1134 0
1127 -1134 0
-1132 -952 1133 0
1132 -1133 0
952 -1133 0
1133 1134 -1135 0
-1133 1135 0
-1134 1135 0
1135 1136 -1137 0
-1135 1137 0
-1136 1137 0
1138 1137 -1128 0
-1138 1128 0
-1137 1128 0
37 -949 0
-37 949 0
38 -950 0
-38 950 0
39 -951 0
-39 951 0
40 -952 0
-40 952 0
-913 0
-914 0
915 0
916 0
-917 0
918 0
-919 0
920 0
921 0
922 0
923 0
-924 0
-925 0
-926 0
-927 0
928 0
-929 0
930 0
931 0
932 0
-933 0
-934 0
935 0
-936 0
-937 0
938 0
939 0
940 0
-941 0
942 0
943 0
944 0
-945 0
946 0
-947 0
948 0
953 0
-954 0
955 0
956 0
-957 0
958 0
-959 0
1139 1186 0
-1139 -1186 0
1140 1187 0
-1140 -1187 0
1142 1188 0
-1142 -1188 0
1144 1189 0
-1144 -1189 0
1146 1190 0
-1146 -1190 0
1148 1191 0
-1148 -1191 0
1150 1192 0
-1150 -1192 0
1152 1193 0
-1152 -1193 0
1154 1194 0
-1154 -1194 0
1156 1195 0
-1156 -1195 0
1158 1196 0
-1158 -1196 0
1160 1197 0
-1160 -1197 0
1162 1198 0
-1162 -1198 0
1164 1199 0
-1164 -1199 0
1166 1200 0
-1166 -1200 0
1168 1201 0
-1168 -1201 0
1170 1202 0
-1170 -1202 0
1172 1203 0
-1172 -1203 0
-1186 -1140 -1204 0
1186 1204 0
1140 1204 0
1141 1187 1205 0
-1141 -1205 0
-1187 -1205 0
1143 1187 1206 0
-1143 -1206 0
-1187 -1206 0
-1188 -1144 -1207 0
1188 1207 0
1144 1207 0
-1190 -1148 -1208 0
1190 1208 0
1148 1208 0
-1192 -1152 -1209 0
1192 1209 0
1152 1209 0
-1194 -1156 -1210 0
1194 1210 0
1156 1210 0
-1196 -1160 -1211 0
1196 1211 0
1160 1211 0
-1198 -1164 -1212 0
1198 1212 0
1164 1212 0
-1200 -1168 -1213 0
1200 1213 0
1168 1213 0
-1202 -1172 -1214 0
1202 1214 0
1172 1214 0
1145 1189 1215 0
-1145 -1215 0
-1189 -1215 0
1147 1189 1216 0
-1147 -1216 0
-1189 -1216 0
1149 1191 1217 0
-1149 -1217 0
-1191 -1217 0
1151 1191 1218 0
-1151 -1218 0
-1191 -1218 0
1153 1193 1219 0
-1153 -1219 0
-1193 -1219 0
1155 1193 1220 0
-1155 -1220 0
-1193 -1220 0
1157 1195 1221 0
-1157 -1221 0
-1195 -1221 0
1159 1195 1222 0
-1159 -1222 0
-1195 -1222 0
1161 1197 1223 0
-1161 -1223 0
-1197 -1223 0
1163 1197 1224 0
-1163 -1224 0
-1197 -1224 0
1165 1199 1225 0
-1165 -1225 0
-1199 -1225 0
1167 1199 1226 0
-1167 -1226 0
-1199 -1226 0
1169 1201 1227 0
-1169 -1227 0
-1201 -1227 0
1171 1201 1228 0
-1171 -1228 0
-1201 -1228 0
1173 1203 1229 0
-1173 -1229 0
-1203 -1229 0
1174 1203 1230 0
-1174 -1230 0
-1203 -1230 0
-1204 -1341 -1208 -1209 -1210 -1211 -1212 -1213 -1214 1231 0
1204 -1231 0
1341 -1231 0
1208 -1231 0
1209 -1231 0
1210 -1231 0
1211 -1231 0
1212 -1231 0
1213 -1231 0
1214 -1231 0
1231 1232 0
-1231 -1232 0
1231 1233 0
-1231 -1233 0
1231 1179 0
-1231 -1179 0
-1232 -1204 -1234 0
1232 1204 -1234 0
1232 -1204 1234 0
-1232 1204 1234 0
-1232 -1354 -1235 0
1232 1354 -1235 0
1232 -1354 1235 0
-1232 1354 1235 0
-1232 -1208 -1236 0
1232 1208 -1236 0
1232 -1208 1236 0
-1232 1208 1236 0
-1232 -1209 -1237 0
1232 1209 -1237 0
1232 -1209 1237 0
-1232 1209 1237 0
-1232 -1210 -1238 0
1232 1210 -1238 0
1232 -1210 1238 0
-1232 1210 1238 0
-1232 -1211 -1239 0
1232 1211 -1239 0
1232 -1211 1239 0
-1232 1211 1239 0
-1139 -1233 -1240 0
1139 1240 0
1233 1240 0
-1232 -1212 -1241 0
1232 1212 -1241 0
1232 -1212 1241 0
-1232 1212 1241 0
-1233 -1142 -1242 0
1233 1242 0
1142 1242 0
-1232 -1213 -1243 0
1232 1213 -1243 0
1232 -1213 1243 0
-1232 1213 1243 0
-1233 -1146 -1244 0
1233 1244 0
1146 1244 0
-1232 -1214 -1245 0
1232 1214 -1245 0
1232 -1214 1245 0
-1232 1214 1245 0
-1233 -1150 -1246 0
1233 1246 0
1150 1246 0
-1233 -1154 -1247 0
1233 1247 0
1154 1247 0
-1233 -1158 -1248 0
1233 1248 0
1158 1248 0
-1233 -1162 -1249 0
1233 1249 0
1162 1249 0
-1233 -1166 -1250 0
1233 1250 0
1166 1250 0
-1233 -1170 -1251 0
1233 1251 0
1170 1251 0
-1234 -1205 -1252 0
1234 1252 0
1205 1252 0
-1234 -1206 -1253 0
1234 1253 0
1206 1253 0
-1235 -1215 -1254 0
1235 1254 0
1215 1254 0
-1236 -1217 -1255 0
1236 1255 0
1217 1255 0
-1237 -1219 -1256 0
1237 1256 0
1219 1256 0
-1238 -1221 -1257 0
1238 1257 0
1221 1257 0
-1239 -1223 -1258 0
1239 1258 0
1223 1258 0
-1241 -1225 -1259 0
1241 1259 0
1225 1259 0
-1243 -1227 -1260 0
1243 1260 0
1227 1260 0
-1245 -1229 -1261 0
1245 1261 0
1229 1261 0
-1235 -1216 -1262 0
1235 1262 0
1216 1262 0
-1236 -1218 -1263 0
1236 1263 0
1218 1263 0
-1237 -1220 -1264 0
1237 1264 0
1220 1264 0
-1238 -1222 -1265 0
1238 1265 0
1222 1265 0
-1239 -1224 -1266 0
1239 1266 0
1224 1266 0
-1241 -1226 -1267 0
1241 1267 0
1226 1267 0
-1243 -1228 -1268 0
1243 1268 0
1228 1268 0
-1245 -1230 -1269 0
1245 1269 0
1230 1269 0
-1252 -1254 -1255 -1256 -1257 -1258 -1259 -1260 -1261 1270 0
1252 -1270 0
1254 -1270 0
1255 -1270 0
1256 -1270 0
1257 -1270 0
1258 -1270 0
1259 -1270 0
1260 -1270 0
1261 -1270 0
1253 1271 0
-1253 -1271 0
1262 1272 0
-1262 -1272 0
1263 1273 0
-1263 -1273 0
1264 1274 0
-1264 -1274 0
1265 1275 0
-1265 -1275 0
1266 1276 0
-1266 -1276 0
1267 1277 0
-1267 -1277 0
1268 1278 0
-1268 -1278 0
1269 1279 0
-1269 -1279 0
1270 1280 0
-1270 -1280 0
1270 1281 0
-1270 -1281 0
1270 1180 0
-1270 -1180 0
-1280 -1252 -1282 0
1280 1252 -1282 0
1280 -1252 1282 0
-1280 1252 1282 0
-1280 -1254 -1283 0
1280 1254 -1283 0
1280 -1254 1283 0
-1280 1254 1283 0
-1280 -1255 -1284 0
1280 1255 -1284 0
1280 -1255 1284 0
-1280 1255 1284 0
-1280 -1256 -1285 0
1280 1256 -1285 0
1280 -1256 1285 0
-1280 1256 1285 0
-1141 -1281 -1286 0
1141 1286 0
1281 1286 0
-1280 -1257 -1287 0
1280 1257 -1287 0
1280 -1257 1287 0
-1280 1257 1287 0
-1281 -1145 -1288 0
1281 1288 0
1145 1288 0
-1280 -1258 -1289 0
1280 1258 -1289 0
1280 -1258 1289 0
-1280 1258 1289 0
-1281 -1149 -1290 0
1281 1290 0
1149 1290 0
-1280 -1259 -1291 0
1280 1259 -1291 0
1280 -1259 1291 0
-1280 1259 1291 0
-1281 -1153 -1292 0
1281 1292 0
1153 1292 0
-1280 -1260 -1293 0
1280 1260 -1293 0
1280 -1260 1293 0
-1280 1260 1293 0
-1281 -1157 -1294 0
1281 1294 0
1157 1294 0
-1280 -1261 -1295 0
1280 1261 -1295 0
1280 -1261 1295 0
-1280 1261 1295 0
-1281 -1161 -1296 0
1281 1296 0
1161 1296 0
-1281 -1165 -1297 0
1281 1297 0
1165 1297 0
-1281 -1169 -1298 0
1281 1298 0
1169 1298 0
-1281 -1173 -1299 0
1281 1299 0
1173 1299 0
-1282 -1271 -1300 0
1282 1300 0
1271 1300 0
-1283 -1272 -1301 0
1283 1301 0
1272 1301 0
-1284 -1273 -1302 0
1284 1302 0
1273 1302 0
-1285 -1274 -1303 0
1285 1303 0
1274 1303 0
-1287 -1275 -1304 0
1287 1304 0
1275 1304 0
-1289 -1276 -1305 0
1289 1305 0
1276 1305 0
-1291 -1277 -1306 0
1291 1306 0
1277 1306 0
-1293 -1278 -1307 0
1293 1307 0
1278 1307 0
-1295 -1279 -1308 0
1295 1308 0
1279 1308 0
-1300 -1301 -1302 -1303 -1304 -1305 -1306 -1307 -1308 1309 0
1300 -1309 0
1301 -1309 0
1302 -1309 0
1303 -1309 0
1304 -1309 0
1305 -1309 0
1306 -1309 0
1307 -1309 0
1308 -1309 0
1309 1310 0
-1309 -1310 0
1309 1181 0
-1309 -1181 0
-1143 -1310 -1311 0
1143 1311 0
1310 1311 0
-1310 -1147 -1312 0
1310 1312 0
1147 1312 0
-1310 -1151 -1313 0
1310 1313 0
1151 1313 0
-1310 -1155 -1314 0
1310 1314 0
1155 1314 0
-1310 -1159 -1315 0
1310 1315 0
1159 1315 0
-1310 -1163 -1316 0
1310 1316 0
1163 1316 0
-1310 -1167 -1317 0
1310 1317 0
1167 1317 0
-1310 -1171 -1318 0
1310 1318 0
1171 1318 0
-1310 -1174 -1319 0
1310 1319 0
1174 1319 0
-1140 -1240 -1286 -1311 -1320 0
1140 1320 0
1240 1320 0
1286 1320 0
1311 1320 0
-1242 -1288 -1312 -1144 -1321 0
1242 1321 0
1288 1321 0
1312 1321 0
1144 1321 0
-1244 -1290 -1313 -1148 -1322 0
1244 1322 0
1290 1322 0
1313 1322 0
1148 1322 0
-1246 -1292 -1314 -1152 -1323 0
1246 1323 0
1292 1323 0
1314 1323 0
1152 1323 0
-1247 -1294 -1315 -1156 -1324 0
1247 1324 0
1294 1324 0
1315 1324 0
1156 1324 0
-1248 -1296 -1316 -1160 -1325 0
1248 1325 0
1296 1325 0
1316 1325 0
1160 1325 0
-1249 -1297 -1317 -1164 -1326 0
1249 1326 0
1297 1326 0
1317 1326 0
1164 1326 0
-1250 -1298 -1318 -1168 -1327 0
1250 1327 0
1298 1327 0
1318 1327 0
1168 1327 0
-1251 -1299 -1319 -1172 -1328 0
1251 1328 0
1299 1328 0
1319 1328 0
1172 1328 0
1320 1329 0
-1320 -1329 0
-1321 -1322 -1323 -1324 -1325 -1326 -1327 -1328 1330 0
1321 -1330 0
1322 -1330 0
1323 -1330 0
1324 -1330 0
1325 -1330 0
1326 -1330 0
1327 -1330 0
1328 -1330 0
1323 1331 0
-1323 -1331 0
1325 1332 0
-1325 -1332 0
1326 1333 0
-1326 -1333 0
1327 1334 0
-1327 -1334 0
1329 1330 1182 0
-1329 -1182 0
-1330 -1182 0
-1322 -1331 -1335 0
1322 1335 0
1331 1335 0
-1322 -1323 -1332 -1324 -1336 0
1322 1336 0
1323 1336 0
1332 1336 0
1324 1336 0
-1324 -1323 -1333 -1337 0
1324 1337 0
1323 1337 0
1333 1337 0
-1322 -1323 -1326 -1334 -1338 0
1322 1338 0
1323 1338 0
1326 1338 0
1334 1338 0
-1321 -1322 -1335 -1324 -1183 0
1321 1183 0
1322 1183 0
1335 1183 0
1324 1183 0
-1321 -1322 -1336 -1337 -1184 0
1321 1184 0
1322 1184 0
1336 1184 0
1337 1184 0
-1321 -1335 -1336 -1338 -1185 0
1321 1185 0
1335 1185 0
1336 1185 0
1338 1185 0
1175 1339 0
-1175 -1339 0
1176 1340 0
-1176 -1340 0
-1206 -1339 1342 0
1206 -1342 0
1339 -1342 0
-1315 -1339 1343 0
1315 -1343 0
1339 -1343 0
-1302 -1175 1344 0
1302 -1344 0
1175 -1344 0
-1207 -1175 1345 0
1207 -1345 0
1175 -1345 0
-1342 -1340 1351 0
1342 -1351 0
1340 -1351 0
-1343 -1176 1349 0
1343 -1349 0
1176 -1349 0
-1344 -1340 1347 0
1344 -1347 0
1340 -1347 0
-1345 -1176 1346 0
1345 -1346 0
1176 -1346 0
1346 1347 -1348 0
-1346 1348 0
-1347 1348 0
1348 1349 -1350 0
-1348 1350 0
-1349 1350 0
1351 1350 -1341 0
-1351 1341 0
-1350 1341 0
1177 1352 0
-1177 -1352 0
1178 1353 0
-1178 -1353 0
-1206 -1352 1355 0
1206 -1355 0
1352 -1355 0
-1315 -1352 1356 0
1315 -1356 0
1352 -1356 0
-1302 -1177 1357 0
1302 -1357 0
1177 -1357 0
-1207 -1177 1358 0
1207 -1358 0
1177 -1358 0
-1355 -1353 1364 0
1355 -1364 0
1353 -1364 0
-1356 -1178 1362 0
1356 -1362 0
1178 -1362 0
-1357 -1353 1360 0
1357 -1360 0
1353 -1360 0
-1358 -1178 1359 0
1358 -1359 0
1178 -1359 0
1359 1360 -1361 0
-1359 1361 0
-1360 1361 0
1361 1362 -1363 0
-1361 1363 0
-1362 1363 0
1364 1363 -1354 0
-1364 1354 0
-1363 1354 0
67 -1175 0
-67 1175 0
68 -1176 0
-68 1176 0
69 -1177 0
-69 1177 0
70 -1178 0
-70 1178 0
-1139 0
-1140 0
1141 0
1142 0
-1143 0
1144 0
-1145 0
1146 0
1147 0
1148 0
1149 0
-1150 0
-1151 0
-1152 0
-1153 0
1154 0
-1155 0
1156 0
1157 0
1158 0
-1159 0
-1160 0
1161 0
-1162 0
-1163 0
1164 0
1165 0
1166 0
-1167 0
1168 0
1169 0
1170 0
-1171 0
1172 0
-1173 0
1174 0
1179 0
-1180 0
1181 0
1182 0
-1183 0
1184 0
-1185 0
1365 1412 0
-1365 -1412 0
1366 1413 0
-1366 -1413 0
1368 1414 0
-1368 -1414 0
1370 1415 0
-1370 -1415 0
1372 1416 0
-1372 -1416 0
1374 1417 0
-1374 -1417 0
1376 1418 0
-1376 -1418 0
1378 1419 0
-1378 -1419 0
1380 1420 0
-1380 -1420 0
1382 1421 0
-1382 -1421 0
1384 1422 0
-1384 -1422 0
1386 1423 0
-1386 -1423 0
1388 1424 0
-1388 -1424 0
1390 1425 0
-1390 -1425 0
1392 1426 0
-1392 -1426 0
1394 1427 0
-1394 -1427 0
1396 1428 0
-1396 -1428 0
1398 1429 0
-1398 -1429 0
-1412 -1366 -1430 0
1412 1430 0
1366 1430 0
1367 1413 1431 0
-1367 -1431 0
-1413 -1431 0
1369 1413 1432 0
-1369 -1432 0
-1413 -1432 0
-1414 -1370 -1433 0
1414 1433 0
1370 1433 0
-1416 -1374 -1434 0
1416 1434 0
1374 1434 0
-1418 -1378 -1435 0
1418 1435 0
1378 1435 0
-1420 -1382 -1436 0
1420 1436 0
1382 1436 0
-1422 -1386 -1437 0
1422 1437 0
1386 1437 0
-1424 -1390 -1438 0
1424 1438 0
1390 1438 0
-1426 -1394 -1439 0
1426 1439 0
1394 1439 0
-1428 -1398 -1440 0
1428 1440 0
1398 1440 0
1371 1415 1441 0
-1371 -1441 0
-1415 -1441 0
1373 1415 1442 0
-1373 -1442 0
-1415 -1442 0
1375 1417 1443 0
-1375 -1443 0
-1417 -1443 0
1377 1417 1444 0
-1377 -1444 0
-1417 -1444 0
1379 1419 1445 0
-1379 -1445 0
-1419 -1445 0
1381 1419 1446 0
-1381 -1446 0
-1419 -1446 0
1383 1421 1447 0
-1383 -1447 0
-1421 -1447 0
1385 1421 1448 0
-1385 -1448 0
-1421 -1448 0
1387 1423 1449 0
-1387 -1449 0
-1423 -1449 0
1389 1423 1450 0
-1389 -1450 0
-1423 -1450 0
1391 1425 1451 0
-1391 -1451 0
-1425 -1451 0
1393 1425 1452 0
-1393 -1452 0
-1425 -1452 0
1395 1427 1453 0
-1395 -1453 0
-1427 -1453 0
1397 1427 1454 0
-1397 -1454 0
-1427 -1454 0
1399 1429 1455 0
-1399 -1455 0
-1429 -1455 0
1400 1429 1456 0
-1400 -1456 0
-1429 -1456 0
-1430 -1567 -1434 -1435 -1436 -1437 -1438 -1439 -1440 1457 0
1430 -1457 0
1567 -1457 0
1434 -1457 0
1435 -1457 0
1436 -1457 0
1437 -1457 0
1438 -1457 0
1439 -1457 0
1440 -1457 0
1457 1458 0
-1457 -1458 0
1457 1459 0
-1457 -1459 0
1457 1405 0
-1457 -1405 0
-1458 -1430 -1460 0
1458 1430 -1460 0
1458 -1430 1460 0
-1458 1430 1460 0
-1458 -1580 -1461 0
1458 1580 -1461 0
1458 -1580 1461 0
-1458 1580 1461 0
-1458 -1434 -1462 0
1458 1434 -1462 0
1458 -1434 1462 0
-1458 1434 1462 0
-1458 -1435 -1463 0
1458 1435 -1463 0
1458 -1435 1463 0
-1458 1435 1463 0
-1458 -1436 -1464 0
1458 1436 -1464 0
1458 -1436 1464 0
-1458 1436 1464 0
-1458 -1437 -1465 0
1458 1437 -1465 0
1458 -1437 1465 0
-1458 1437 1465 0
-1365 -1459 -1466 0
1365 1466 0
1459 1466 0
-1458 -1438 -1467 0
1458 1438 -1467 0
1458 -1438 1467 0
-1458 1438 1467 0
-1459 -1368 -1468 0
1459 1468 0
1368 1468 0
-1458 -1439 -1469 0
1458 1439 -1469 0
1458 -1439 1469 0
-1458 1439 1469 0
-1459 -1372 -1470 0
1459 1470 0
1372 1470 0
-1458 -1440 -1471 0
1458 1440 -1471 0
1458 -1440 1471 0
-1458 1440 1471 0
-1459 -1376 -1472 0
1459 1472 0
1376 1472 0
-1459 -1380 -1473 0
1459 1473 0
1380 1473 0
-1459 -1384 -1474 0
1459 1474 0
1384 1474 0
-1459 -1388 -1475 0
1459 1475 0
1388 1475 0
-1459 -1392 -1476 0
1459 1476 0
1392 1476 0
-1459 -1396 -1477 0
1459 1477 0
1396 1477 0
-1460 -1431 -1478 0
1460 1478 0
1431 1478 0
-1460 -1432 -1479 0
1460 1479 0
1432 1479 0
-1461 -1441 -1480 0
1461 1480 0
1441 1480 0
-1462 -1443 -1481 0
1462 1481 0
1443 1481 0
-1463 -1445 -1482 0
1463 1482 0
1445 1482 0
-1464 -1447 -1483 0
1464 1483 0
1447 1483 0
-1465 -1449 -1484 0
1465 1484 0
1449 1484 0
-1467 -1451 -1485 0
1467 1485 0
1451 1485 0
-1469 -1453 -1486 0
1469 1486 0
1453 1486 0
-1471 -1455 -1487 0
1471 1487 0
1455 1487 0
-1461 -1442 -1488 0
1461 1488 0
1442 1488 0
-1462 -1444 -1489 0
1462 1489 0
1444 1489 0
-1463 -1446 -1490 0
1463 1490 0
1446 1490 0
-1464 -1448 -1491 0
1464 1491 0
1448 1491 0
-1465 -1450 -1492 0
1465 1492 0
1450 1492 0
-1467 -1452 -1493 0
1467 1493 0
1452 1493 0
-1469 -1454 -1494 0
1469 1494 0
1454 1494 0
-1471 -1456 -1495 0
1471 1495 0
1456 1495 0
-1478 -1480 -1481 -1482 -1483 -1484 -1485 -1486 -1487 1496 0
1478 -1496 0
1480 -1496 0
1481 -1496 0
1482 -1496 0
1483 -1496 0
1484 -1496 0
1485 -1496 0
1486 -1496 0
1487 -1496 0
1479 1497 0
-1479 -1497 0
1488 1498 0
-1488 -1498 0
1489 1499 0
-1489 -1499 0
1490 1500 0
-1490 -1500 0
1491 1501 0
-1491 -1501 0
1492 1502 0
-1492 -1502 0
1493 1503 0
-1493 -1503 0
1494 1504 0
-1494 -1504 0
1495 1505 0
-1495 -1505 0
1496 1506 0
-1496 -1506 0
1496 1507 0
-1496 -1507 0
1496 1406 0
-1496 -1406 0
-1506 -1478 -1508 0
1506 1478 -1508 0
1506 -1478 1508 0
-1506 1478 1508 0
-1506 -1480 -1509 0
1506 1480 -1509 0
1506 -1480 1509 0
-1506 1480 1509 0
-1506 -1481 -1510 0
1506 1481 -1510 0
1506 -1481 1510 0
-1506 1481 1510 0
-1506 -1482 -1511 0
1506 1482 -1511 0
1506 -1482 1511 0
-1506 1482 1511 0
-1367 -1507 -1512 0
1367 1512 0
1507 1512 0
-1506 -1483 -1513 0
1506 1483 -1513 0
1506 -1483 1513 0
-1506 1483 1513 0
-1507 -1371 -1514 0
1507 1514 0
1371 1514 0
-1506 -1484 -1515 0
1506 1484 -1515 0
1506 -1484 1515 0
-1506 1484 1515 0
-1507 -1375 -1516 0
1507 1516 0
1375 1516 0
-1506 -1485 -1517 0
1506 1485 -1517 0
1506 -1485 1517 0
-1506 1485 1517 0
-1507 -1379 -1518 0
1507 1518 0
1379 1518 0
-1506 -1486 -1519 0
1506 1486 -1519 0
1506 -1486 1519 0
-1506 1486 1519 0
-1507 -1383 -1520 0
1507 1520 0
1383 1520 0
-1506 -1487 -1521 0
1506 1487 -1521 0
1506 -1487 1521 0
-1506 1487 1521 0
-1507 -1387 -1522 0
1507 1522 0
1387 1522 0
-1507 -1391 -1523 0
1507 1523 0
1391 1523 0
-1507 -1395 -1524 0
1507 1524 0
1395 1524 0
-1507 -1399 -1525 0
1507 1525 0
1399 1525 0
-1508 -1497 -1526 0
1508 1526 0
1497 1526 0
-1509 -1498 -1527 0
1509 1527 0
1498 1527 0
-1510 -1499 -1528 0
1510 1528 0
1499 1528 0
-1511 -1500 -1529 0
1511 1529 0
1500 1529 0
-1513 -1501 -1530 0
1513 1530 0
1501 1530 0
-1515 -1502 -1531 0
1515 1531 0
1502 1531 0
-1517 -1503 -1532 0
1517 1532 0
1503 1532 0
-1519 -1504 -1533 0
1519 1533 0
1504 1533 0
-1521 -1505 -1534 0
1521 1534 0
1505 1534 0
-1526 -1527 -1528 -1529 -1530 -1531 -1532 -1533 -1534 1535 0
1526 -1535 0
1527 -1535 0
1528 -1535 0
1529 -1535 0
1530 -1535 0
1531 -1535 0
1532 -1535 0
1533 -1535 0
1534 -1535 0
1535 1536 0
-1535 -1536 0
1535 1407 0
-1535 -1407 0
-1369 -1536 -1537 0
1369 1537 0
1536 1537 0
-1536 -1373 -1538 0
1536 1538 0
1373 1538 0
-1536 -1377 -1539 0
1536 1539 0
1377 1539 0
-1536 -1381 -1540 0
1536 1540 0
1381 1540 0
-1536 -1385 -1541 0
1536 1541 0
1385 1541 0
-1536 -1389 -1542 0
1536 1542 0
1389 1542 0
-1536 -1393 -1543 0
1536 1543 0
1393 1543 0
-1536 -1397 -1544 0
1536 1544 0
1397 1544 0
-1536 -1400 -1545 0
1536 1545 0
1400 1545 0
-1366 -1466 -1512 -1537 -1546 0
1366 1546 0
1466 1546 0
1512 1546 0
1537 1546 0
-1468 -1514 -1538 -1370 -1547 0
1468 1547 0
1514 1547 0
1538 1547 0
1370 1547 0
-1470 -1516 -1539 -1374 -1548 0
1470 1548 0
1516 1548 0
1539 1548 0
1374 1548 0
-1472 -1518 -1540 -1378 -1549 0
1472 1549 0
1518 1549 0
1540 1549 0
1378 1549 0
-1473 -1520 -1541 -1382 -1550 0
1473 1550 0
1520 1550 0
1541 1550 0
1382 1550 0
-1474 -1522 -1542 -1386 -1551 0
1474 1551 0
1522 1551 0
1542 1551 0
1386 1551 0
-1475 -1523 -1543 -1390 -1552 0
1475 1552 0
1523 1552 0
1543 1552 0
1390 1552 0
-1476 -1524 -1544 -1394 -1553 0
1476 1553 0
1524 1553 0
1544 1553 0
1394 1553 0
-1477 -1525 -1545 -1398 -1554 0
1477 1554 0
1525 1554 0
1545 1554 0
1398 1554 0
1546 1555 0
-1546 -1555 0
-1547 -1548 -1549 -1550 -1551 -1552 -1553 -1554 1556 0
1547 -1556 0
1548 -1556 0
1549 -1556 0
1550 -1556 0
1551 -1556 0
1552 -1556 0
1553 -1556 0
1554 -1556 0
1549 1557 0
-1549 -1557 0
1551 1558 0
-1551 -1558 0
1552 1559 0
-1552 -1559 0
1553 1560 0
-1553 -1560 0
1555 1556 1408 0
-1555 -1408 0
-1556 -1408 0
-1548 -1557 -1561 0
1548 1561 0
1557 1561 0
-1548 -1549 -1558 -1550 -1562 0
1548 1562 0
1549 1562 0
1558 1562 0
1550 1562 0
-1550 -1549 -1559 -1563 0
1550 1563 0
1549 1563 0
1559 1563 0
-1548 -1549 -1552 -1560 -1564 0
1548 1564 0
1549 1564 0
1552 1564 0
1560 1564 0
-1547 -1548 -1561 -1550 -1409 0
1547 1409 0
1548 1409 0
1561 1409 0
1550 1409 0
-1547 -1548 -1562 -1563 -1410 0
1547 1410 0
1548 1410 0
1562 1410 0
1563 1410 0
-1547 -1561 -1562 -1564 -1411 0
1547 1411 0
1561 1411 0
1562 1411 0
1564 1411 0
1401 1565 0
-1401 -1565 0
1402 1566 0
-1402 -1566 0
-1432 -1565 1568 0
1432 -1568 0
1565 -1568 0
-1541 -1565 1569 0
1541 -1569 0
1565 -1569 0
-1528 -1401 1570 0
1528 -1570 0
1401 -1570 0
-1433 -1401 1571 0
1433 -1571 0
1401 -1571 0
-1568 -1566 1577 0
1568 -1577 0
1566 -1577 0
-1569 -1402 1575 0
1569 -1575 0
1402 -1575 0
-1570 -1566 1573 0
1570 -1573 0
1566 -1573 0
-1571 -1402 1572 0
1571 -1572 0
1402 -1572 0
1572 1573 -1574 0
-1572 1574 0
-1573 1574 0
1574 1575 -1576 0
-1574 1576 0
-1575 1576 0
1577 1576 -1567 0
-1577 1567 0
-1576 1567 0
1403 1578 0
-1403 -1578 0
1404 1579 0
-1404 -1579 0
-1432 -1578 1581 0
1432 -1581 0
1578 -1581 0
-1541 -1578 1582 0
1541 -1582 0
1578 -1582 0
-1528 -1403 1583 0
1528 -1583 0
1403 -1583 0
-1433 -1403 1584 0
1433 -1584 0
1403 -1584 0
-1581 -1579 1590 0
1581 -1590 0
1579 -1590 0
-1582 -1404 1588 0
1582 -1588 0
1404 -1588 0
-1583 -1579 1586 0
1583 -1586 0
1579 -1586 0
-1584 -1404 1585 0
1584 -1585 0
1404 -1585 0
1585 1586 -1587 0
-1585 1587 0
-1586 1587 0
1587 1588 -1589 0
-1587 1589 0
-1588 1589 0
1590 1589 -1580 0
-1590 1580 0
-1589 1580 0
37 -1401 0
-37 1401 0
38 -1402 0
-38 1402 0
39 -1403 0
-39 1403 0
40 -1404 0
-40 1404 0
-1365 0
-1366 0
1367 0
1368 0
-1369 0
1370 0
1371 0
1372 0
-1373 0
1374 0
1375 0
-1376 0
-1377 0
-1378 0
-1379 0
1380 0
-1381 0
1382 0
1383 0
1384 0
1385 0
1386 0
1387 0
-1388 0
-1389 0
1390 0
1391 0
1392 0
1393 0
1394 0
1395 0
1396 0
-1397 0
1398 0
1399 0
-1400 0
1405 0
-1406 0
-1407 0
1408 0
-1409 0
1410 0
-1411 0
1591 1638 0
-1591 -1638 0
1592 1639 0
-1592 -1639 0
1594 1640 0
-1594 -1640 0
1596 1641 0
-1596 -1641 0
1598 1642 0
-1598 -1642 0
1600 1643 0
-1600 -1643 0
1602 1644 0
-1602 -1644 0
1604 1645 0
-1604 -1645 0
1606 1646 0
-1606 -1646 0
1608 1647 0
-1608 -1647 0
1610 1648 0
-1610 -1648 0
1612 1649 0
-1612 -1649 0
1614 1650 0
-1614 -1650 0
1616 1651 0
-1616 -1651 0
1618 1652 0
-1618 -1652 0
1620 1653 0
-1620 -1653 0
1622 1654 0
-1622 -1654 0
1624 1655 0
-1624 -1655 0
-1638 -1592 -1656 0
1638 1656 0
1592 1656 0
1593 1639 1657 0
-1593 -1657 0
-1639 -1657 0
1595 1639 1658 0
-1595 -1658 0
-1639 -1658 0
-1640 -1596 -1659 0
1640 1659 0
1596 1659 0
-1642 -1600 -1660 0
1642 1660 0
1600 1660 0
-1644 -1604 -1661 0
1644 1661 0
1604 1661 0
-1646 -1608 -1662 0
1646 1662 0
1608 1662 0
-1648 -1612 -1663 0
1648 1663 0
1612 1663 0
-1650 -1616 -1664 0
1650 1664 0
1616 1664 0
-1652 -1620 -1665 0
1652 1665 0
1620 1665 0
-1654 -1624 -1666 0
1654 1666 0
1624 1666 0
1597 1641 1667 0
-1597 -1667 0
-1641 -1667 0
1599 1641 1668 0
-1599 -1668 0
-1641 -1668 0
1601 1643 1669 0
-1601 -1669 0
-1643 -1669 0
1603 1643 1670 0
-1603 -1670 0
-1643 -1670 0
1605 1645 1671 0
-1605 -1671 0
-1645 -1671 0
1607 1645 1672 0
-1607 -1672 0
-1645 -1672 0
1609 1647 1673 0
-1609 -1673 0
-1647 -1673 0
1611 1647 1674 0
-1611 -1674 0
-1647 -1674 0
1613 1649 1675 0
-1613 -1675 0
-1649 -1675 0
1615 1649 1676 0
-1615 -1676 0
-1649 -1676 0
1617 1651 1677 0
-1617 -1677 0
-1651 -1677 0
1619 1651 1678 0
-1619 -1678 0
-1651 -1678 0
1621 1653 1679 0
-1621 -1679 0
-1653 -1679 0
1623 1653 1680 0
-1623 -1680 0
-1653 -1680 0
1625 1655 1681 0
-1625 -1681 0
-1655 -1681 0
1626 1655 1682 0
-1626 -1682 0
-1655 -1682 0
-1656 -1793 -1660 -1661 -1662 -1663 -1664 -1665 -1666 1683 0
1656 -1683 0
1793 -1683 0
1660 -1683 0
1661 -1683 0
1662 -1683 0
1663 -1683 0
1664 -1683 0
1665 -1683 0
1666 -1683 0
1683 1684 0
-1683 -1684 0
1683 1685 0
-1683 -1685 0
1683 1631 0
-1683 -1631 0
-1684 -1656 -1686 0
1684 1656 -1686 0
1684 -1656 1686 0
-1684 1656 1686 0
-1684 -1806 -1687 0
1684 1806 -1687 0
1684 -1806 1687 0
-1684 1806 1687 0
-1684 -1660 -1688 0
1684 1660 -1688 0
1684 -1660 1688 0
-1684 1660 1688 0
-1684 -1661 -1689 0
1684 1661 -1689 0
1684 -1661 1689 0
-1684 1661 1689 0
-1684 -1662 -1690 0
1684 1662 -1690 0
1684 -1662 1690 0
-1684 1662 1690 0
-1684 -1663 -1691 0
1684 1663 -1691 0
1684 -1663 1691 0
-1684 1663 1691 0
-1591 -1685 -1692 0
1591 1692 0
1685 1692 0
-1684 -1664 -1693 0
1684 1664 -1693 0
1684 -1664 1693 0
-1684 1664 1693 0
-1685 -1594 -1694 0
1685 1694 0
1594 1694 0
-1684 -1665 -1695 0
1684 1665 -1695 0
1684 -1665 1695 0
-1684 1665 1695 0
-1685 -1598 -1696 0
1685 1696 0
1598 1696 0
-1684 -1666 -1697 0
1684 1666 -1697 0
1684 -1666 1697 0
-1684 1666 1697 0
-1685 -1602 -1698 0
1685 1698 0
1602 1698 0
-1685 -1606 -1699 0
1685 1699 0
1606 1699 0
-1685 -1610 -1700 0
1685 1700 0
1610 1700 0
-1685 -1614 -1701 0
1685 1701 0
1614 1701 0
-1685 -1618 -1702 0
1685 1702 0
1618 1702 0
-1685 -1622 -1703 0
1685 1703 0
1622 1703 0
-1686 -1657 -1704 0
1686 1704 0
1657 1704 0
-1686 -1658 -1705 0
1686 1705 0
1658 1705 0
-1687 -1667 -1706 0
1687 1706 0
1667 1706 0
-1688 -1669 -1707 0
1688 1707 0
1669 1707 0
-1689 -1671 -1708 0
1689 1708 0
1671 1708 0
-1690 -1673 -1709 0
1690 1709 0
1673 1709 0
-1691 -1675 -1710 0
1691 1710 0
1675 1710 0
-1693 -1677 -1711 0
1693 1711 0
1677 1711 0
-1695 -1679 -1712 0
1695 1712 0
1679 1712 0
-1697 -1681 -1713 0
1697 1713 0
1681 1713 0
-1687 -1668 -1714 0
1687 1714 0
1668 1714 0
-1688 -1670 -1715 0
1688 1715 0
1670 1715 0
-1689 -1672 -1716 0
1689 1716 0
1672 1716 0
-1690 -1674 -1717 0
1690 1717 0
1674 1717 0
-1691 -1676 -1718 0
1691 1718 0
1676 1718 0
-1693 -1678 -1719 0
1693 1719 0
1678 1719 0
-1695 -1680 -1720 0
1695 1720 0
1680 1720 0
-1697 -1682 -1721 0
1697 1721 0
1682 1721 0
-1704 -1706 -1707 -1708 -1709 -1710 -1711 -1712 -1713 1722 0
1704 -1722 0
1706 -1722 0
1707 -1722 0
1708 -1722 0
1709 -1722 0
1710 -1722 0
1711 -1722 0
1712 -1722 0
1713 -1722 0
1705 1723 0
-1705 -1723 0
1714 1724 0
-1714 -1724 0
1715 1725 0
-1715 -1725 0
1716 1726 0
-1716 -1726 0
1717 1727 0
-1717 -1727 0
1718 1728 0
-1718 -1728 0
1719 1729 0
-1719 -1729 0
1720 1730 0
-1720 -1730 0
1721 1731 0
-1721 -1731 0
1722 1732 0
-1722 -1732 0
1722 1733 0
-1722 -1733 0
1722 1632 0
-1722 -1632 0
-1732 -1704 -1734 0
1732 1704 -1734 0
1732 -1704 1734 0
-1732 1704 1734 0
-1732 -1706 -1735 0
1732 1706 -1735 0
1732 -1706 1735 0
-1732 1706 1735 0
-1732 -1707 -1736 0
1732 1707 -1736 0
1732 -1707 1736 0
-1732 1707 1736 0
-1732 -1708 -1737 0
1732 1708 -1737 0
1732 -1708 1737 0
-1732 1708 1737 0
-1593 -1733 -1738 0
1593 1738 0
1733 1738 0
-1732 -1709 -1739 0
1732 1709 -1739 0
1732 -1709 1739 0
-1732 1709 1739 0
-1733 -1597 -1740 0
1733 1740 0
1597 1740 0
-1732 -1710 -1741 0
1732 1710 -1741 0
1732 -1710 1741 0
-1732 1710 1741 0
-1733 -1601 -1742 0
1733 1742 0
1601 1742 0
-1732 -1711 -1743 0
1732 1711 -1743 0
1732 -1711 1743 0
-1732 1711 1743 0
-1733 -1605 -1744 0
1733 1744 0
1605 1744 0
-1732 -1712 -1745 0
1732 1712 -1745 0
1732 -1712 1745 0
-1732 1712 1745 0
-1733 -1609 -1746 0
1733 1746 0
1609 1746 0
-1732 -1713 -1747 0
1732 1713 -1747 0
1732 -1713 1747 0
-1732 1713 1747 0
-1733 -1613 -1748 0
1733 1748 0
1613 1748 0
-1733 -1617 -1749 0
1733 1749 0
1617 1749 0
-1733 -1621 -1750 0
1733 1750 0
1621 1750 0
-1733 -1625 -1751 0
1733 1751 0
1625 1751 0
-1734 -1723 -1752 0
1734 1752 0
1723 1752 0
-1735 -1724 -1753 0
1735 1753 0
1724 1753 0
-1736 -1725 -1754 0
1736 1754 0
1725 1754 0
-1737 -1726 -1755 0
1737 1755 0
1726 1755 0
-1739 -1727 -1756 0
1739 1756 0
1727 1756 0
-1741 -1728 -1757 0
1741 1757 0
1728 1757 0
-1743 -1729 -1758 0
1743 1758 0
1729 1758 0
-1745 -1730 -1759 0
1745 1759 0
1730 1759 0
-1747 -1731 -1760 0
1747 1760 0
1731 1760 0
-1752 -1753 -1754 -1755 -1756 -1757 -1758 -1759 -1760 1761 0
1752 -1761 0
1753 -1761 0
1754 -1761 0
1755 -1761 0
1756 -1761 0
1757 -1761 0
1758 -1761 0
1759 -1761 0
1760 -1761 0
1761 1762 0
-1761 -1762 0
1761 1633 0
-1761 -1633 0
-1595 -1762 -1763 0
1595 1763 0
1762 1763 0
-1762 -1599 -1764 0
1762 1764 0
1599 1764 0
-1762 -1603 -1765 0
1762 1765 0
1603 1765 0
-1762 -1607 -1766 0
1762 1766 0
1607 1766 0
-1762 -1611 -1767 0
1762 1767 0
1611 1767 0
-1762 -1615 -1768 0
1762 1768 0
1615 1768 0
-1762 -1619 -1769 0
1762 1769 0
1619 1769 0
-1762 -1623 -1770 0
1762 1770 0
1623 1770 0
-1762 -1626 -1771 0
1762 1771 0
1626 1771 0
-1592 -1692 -1738 -1763 -1772 0
1592 1772 0
1692 1772 0
1738 1772 0
1763 1772 0
-1694 -1740 -1764 -1596 -1773 0
1694 1773 0
1740 1773 0
1764 1773 0
1596 1773 0
-1696 -1742 -1765 -1600 -1774 0
1696 1774 0
1742 1774 0
1765 1774 0
1600 1774 0
-1698 -1744 -1766 -1604 -1775 0
1698 1775 0
1744 1775 0
1766 1775 0
1604 1775 0
-1699 -1746 -1767 -1608 -1776 0
1699 1776 0
1746 1776 0
1767 1776 0
1608 1776 0
-1700 -1748 -1768 -1612 -1777 0
1700 1777 0
1748 1777 0
1768 1777 0
1612 1777 0
-1701 -1749 -1769 -1616 -1778 0
1701 1778 0
1749 1778 0
1769 1778 0
1616 1778 0
-1702 -1750 -1770 -1620 -1779 0
1702 1779 0
1750 1779 0
1770 1779 0
1620 1779 0
-1703 -1751 -1771 -1624 -1780 0
1703 1780 0
1751 1780 0
1771 1780 0
1624 1780 0
1772 1781 0
-1772 -1781 0
-1773 -1774 -1775 -1776 -1777 -1778 -1779 -1780 1782 0
1773 -1782 0
1774 -1782 0
1775 -1782 0
1776 -1782 0
1777 -1782 0
1778 -1782 0
1779 -1782 0
1780 -1782 0
1775 1783 0
-1775 -1783 0
1777 1784 0
-1777 -1784 0
1778 1785 0
-1778 -1785 0
1779 1786 0
-1779 -1786 0
1781 1782 1634 0
-1781 -1634 0
-1782 -1634 0
-1774 -1783 -1787 0
1774 1787 0
1783 1787 0
-1774 -1775 -1784 -1776 -1788 0
1774 1788 0
1775 1788 0
1784 1788 0
1776 1788 0
-1776 -1775 -1785 -1789 0
1776 1789 0
1775 1789 0
1785 1789 0
-1774 -1775 -1778 -1786 -1790 0
1774 1790 0
1775 1790 0
1778 1790 0
1786 1790 0
-1773 -1774 -1787 -1776 -1635 0
1773 1635 0
1774 1635 0
1787 1635 0
1776 1635 0
-1773 -1774 -1788 -1789 -1636 0
1773 1636 0
1774 1636 0
1788 1636 0
1789 1636 0
-1773 -1787 -1788 -1790 -1637 0
1773 1637 0
1787 1637 0
1788 1637 0
1790 1637 0
1627 1791 0
-1627 -1791 0
1628 1792 0
-1628 -1792 0
-1658 -1791 1794 0
1658 -1794 0
1791 -1794 0
-1767 -1791 1795 0
1767 -1795 0
1791 -1795 0
-1754 -1627 1796 0
1754 -1796 0
1627 -1796 0
-1659 -1627 1797 0
1659 -1797 0
1627 -1797 0
-1794 -1792 1803 0
1794 -1803 0
1792 -1803 0
-1795 -1628 1801 0
1795 -1801 0
1628 -1801 0
-1796 -1792 1799 0
1796 -1799 0
1792 -1799 0
-1797 -1628 1798 0
1797 -1798 0
1628 -1798 0
1798 1799 -1800 0
-1798 1800 0
-1799 1800 0
1800 1801 -1802 0
-1800 1802 0
-1801 1802 0
1803 1802 -1793 0
-1803 1793 0
-1802 1793 0
1629 1804 0
-1629 -1804 0
1630 1805 0
-1630 -1805 0
-1658 -1804 1807 0
1658 -1807 0
1804 -1807 0
-1767 -1804 1808 0
1767 -1808 0
1804 -1808 0
-1754 -1629 1809 0
1754 -1809 0
1629 -1809 0
-1659 -1629 1810 0
1659 -1810 0
1629 -1810 0
-1807 -1805 1816 0
1807 -1816 0
1805 -1816 0
-1808 -1630 1814 0
1808 -1814 0
1630 -1814 0
-1809 -1805 1812 0
1809 -1812 0
1805 -1812 0
-1810 -1630 1811 0
1810 -1811 0
1630 -1811 0
1811 1812 -1813 0
-1811 1813 0
-1812 1813 0
1813 1814 -1815 0
-1813 1815 0
-1814 1815 0
1816 1815 -1806 0
-1816 1806 0
-1815 1806 0
67 -1627 0
-67 1627 0
68 -1628 0
-68 1628 0
69 -1629 0
-69 1629 0
70 -1630 0
-70 1630 0
-1591 0
-1592 0
1593 0
1594 0
-1595 0
1596 0
1597 0
1598 0
-1599 0
1600 0
1601 0
-1602 0
-1603 0
-1604 0
-1605 0
1606 0
-1607 0
1608 0
1609 0
1610 0
1611 0
1612 0
1613 0
-1614 0
-1615 0
1616 0
1617 0
1618 0
1619 0
1620 0
1621 0
1622 0
-1623 0
1624 0
1625 0
-1626 0
1631 0
-1632 0
-1633 0
1634 0
-1635 0
1636 0
-1637 0
0
0