#Number of gate                  #BASE
1                    	 0.07
11                    	 0.50
1                    	 1.89
1                    	 2.84
1                    	 2.54
51                    	 4.70
61                    	 16.03
71                    	 19.49
81                    	 14.18
91                    	 14.53
101                    	 39.85
#Number of gate                  #BASE
1                    	 0.08
11                    	 0.54
1                    	 1.89
1                    	 2.76
1                    	 2.43
51                    	 5.00
61                    	 16.70
71                    	 20.64
81                    	 15.16
91                    	 15.37
101                    	 41.61
