#Number of gate                  #BASE
1                    	 0.88
11                    	 2.71
21                    	 4.16
31                    	 5.64
41                    	 7.62
51                    	 8.31
61                    	 10.37
71                    	 14.71
81                    	 10.68
91                    	 20.18
101                    	 11.27
111                    	 26.85
121                    	 27.43
131                    	 29.65
141                    	 36.39
151                    	 39.50
161                    	 32.85
171                    	 54.38
181                    	 40.93
191                    	 59.91
201                    	 93.48
