#Number of gate                  #BASE
                    	 0.21
                    	 0.63
21                    	 1.37
31                    	 3.50
                    	 4.08
51                    	 8.17
61                    	 12.32
71                    	 26.03
                    	 51.72
                    	 65.06
                    	 128.54
                    	 68.19
21                    	 163.11
31                    	 180.29
                    	 234.73
51                    	 437.20
61                    	 383.74
71                    	 883.40
                    	 470.45
                    	 490.64
201                    	 594.38
