#Number of gate                  #BASE
1                    	 0.17
11                    	 0.41
21                    	 0.62
31                    	 0.62
41                    	 1.11
51                    	 0.75
61                    	 1.74
71                    	 1.72
81                    	 2.08
91                    	 2.07
101                    	 4.68
111                    	 2.38
121                    	 2.53
131                    	 8.73
141                    	 4.99
151                    	 9.87
161                    	 10.39
171                    	 11.18
181                    	 12.85
191                    	 16.17
201                    	 17.91
