
#Number of gate                  #BASE
1                    	 0.19
11                    	 0.65
21                    	 1.42
31                    	 3.23
41                    	 3.93
51                    	 8.02
61                    	 12.88
71                    	 23.42
81                    	 42.26
91                    	 55.42
101                    	 117.87
111                    	 59.47
121                    	 149.54
131                    	 153.76
141                    	 237.11
151                    	 698.34
161                    	 491.20
171                    	 982.35
181                    	 388.04
191                    	 479.56
201                    	 628.98
