#iterationNumber	varNumber	clauseNumber	itertionTime
1	17029	42583	0.3035s
2	30229	52065	0.09331s
3	43429	86433	0.1002s
4	56629	120785	0.1022s
5	69829	155137	0.1127s
6	83029	96660	0.1114s
7	96229	131008	0.1187s
8	109429	165348	0.1427s
9	122629	129008	0.1243s
10	135829	163328	0.148s
11	149029	150843	0.1368s
12	162229	185145	0.1464s
13	175429	219447	0.1686s
14	188629	182755	0.1456s
15	201829	217037	0.1682s
16	215029	204320	0.1944s
17	228229	238572	0.1714s
18	241429	223205	0.1504s
19	254629	257445	0.1641s
20	267829	291685	0.177s
21	281029	325925	0.1845s
22	294229	265785	0.1704s
23	307429	300025	0.1729s
24	320629	334265	0.1786s
25	333829	368505	0.1981s
26	347029	402745	0.2149s
27	360229	318993	0.1902s
28	373429	353233	0.2261s
29	386629	387473	0.2773s
30	399829	349166	0.238s
31	413029	383372	0.2548s
32	426229	368737	0.2242s
33	439429	402927	0.3544s
34	452629	389629	0.3282s
35	465829	397445	0.2439s
36	479029	431601	0.2368s
37	492229	465757	0.2472s
38	505429	499913	0.4277s
39	518629	438934	0.2928s
40	531829	448455	0.3604s
41	545029	482609	0.3617s
42	558229	462922	0.291s
43	571429	496998	0.3138s
44	584629	479003	0.3451s
45	597829	513079	0.3336s
46	611029	547155	0.2864s
47	624229	510610	0.3015s
48	637429	544686	0.3098s
49	650629	578762	0.3232s
50	663829	612838	0.4232s
51	677029	552736	0.407s
52	690229	586800	0.6051s
53	703429	562608	0.4056s
54	716629	570628	0.605s
55	729829	579904	0.3714s
56	743029	613904	0.5994s
57	756229	597975	0.3675s
58	769429	607124	0.4578s
59	782629	641116	0.4008s
60	795829	675108	0.3504s
61	809029	636428	0.3558s
62	822229	670420	0.4216s
63	835429	704412	0.3729s
64	848629	738404	0.7752s
65	861829	675210	0.4042s
66	875029	683369	0.4344s
67	888229	717357	0.4158s
68	901429	751345	0.3967s
69	914629	785333	0.4027s
70	927829	722347	0.3937s
71	941029	756335	0.4685s
72	954229	790323	0.603s
73	967429	751012	0.4163s
74	980629	784996	0.4262s
75	993829	818980	0.5444s
76	1007029	852964	0.4288s
77	1020229	789540	0.6114s
78	1033429	823524	0.8765s
79	1046629	808395	0.5302s
80	1059829	813226	0.493s
81	1073029	847180	0.6284s
82	1086229	881124	0.5206s
83	1099429	836489	1.347s
84	1112629	829604	0.4918s
85	1125829	838041	0.597s
86	1139029	871939	1.055s
87	1152229	856107	0.781s
88	1165429	857345	0.637s
89	1178629	891205	0.6169s
90	1191829	874511	0.6253s
91	1205029	908371	0.5664s
92	1218229	893073	0.9333s
93	1231429	926933	0.5789s
94	1244629	911273	0.8426s
95	1257829	945133	0.5955s
96	1271029	928990	0.5301s
97	1284229	962846	1.318s
98	1297429	947331	1.078s
99	1310629	956398	1.016s
100	1323829	964971	0.5517s
101	1337029	998807	0.5517s
102	1350229	1032637	0.5493s
103	1363429	1066467	0.673s
104	1376629	991726	0.5716s
105	1389829	1025556	0.5698s
106	1403029	1059386	0.7207s
107	1416229	1093216	1.708s
108	1429429	1023909	0.5922s
109	1442629	1029627	0.5993s
110	1455829	1063437	0.5825s
111	1469029	1097243	1.155s
112	1482229	1022099	0.8037s
113	1495429	1055861	0.5995s
114	1508629	1089615	0.6801s
115	1521829	1123369	0.6789s
116	1535029	1050023	0.5938s
117	1548229	1083777	1.089s
118	1561429	1066618	0.6944s
119	1574629	1100370	0.654s
120	1587829	1134122	0.7696s
121	1601029	1167868	0.8744s
122	1614229	1097543	0.7504s
123	1627429	1131289	0.9767s
124	1640629	1165035	0.7265s
125	1653829	1123463	0.7256s
126	1667029	1157205	0.6667s
127	1680229	1190947	0.8739s
128	1693429	1224687	1.917s
129	1706629	1156734	2.201s
130	1719829	1162062	0.678s
131	1733029	1195788	0.9699s
132	1746229	1229514	0.6953s
133	1759429	1188780	1.238s
134	1772629	1222506	0.7592s
135	1785829	1206434	1.012s
136	1799029	1240158	1.273s
137	1812229	1220885	0.7899s
138	1825429	1254607	0.7175s
139	1838629	1237523	0.9719s
140	1851829	1271245	0.7434s
141	1865029	1304967	0.7661s
142	1878229	1338689	1.417s
143	1891429	1272143	0.7948s
144	1904629	1305865	0.8738s
145	1917829	1289341	0.9669s
146	1931029	1323063	1.393s
147	1944229	1356785	1.756s
148	1957429	1315221	0.8809s
149	1970629	1324072	2.414s
150	1983829	1333003	0.8754s
151	1997029	1341651	0.8044s
152	2010229	1375373	0.8546s
153	2023429	1409095	0.9157s
154	2036629	1442817	0.9344s
155	2049829	1476539	0.8192s
156	2063029	1384749	0.8476s
157	2076229	1418471	0.9394s
158	2089429	1452193	3.651s
159	2102629	1405462	0.9159s
160	2115829	1439180	0.838s
161	2129029	1422724	0.8407s
162	2142229	1456442	0.862s
163	2155429	1490160	1.053s
164	2168629	1523878	0.9617s
165	2181829	1457450	0.8583s
166	2195029	1491168	1.108s
167	2208229	1524886	1.406s
168	2221429	1558604	0.9397s
169	2234629	1492124	0.8875s
170	2247829	1525842	1.293s
171	2261029	1559560	1.018s
172	2274229	1518129	0.9475s
173	2287429	1551847	0.8946s
174	2300629	1585565	0.8879s
175	2313829	1619283	1.044s
176	2327029	1552599	1.024s
177	2340229	1586317	0.9288s
178	2353429	1620035	0.9678s
179	2366629	1653753	1.18s
180	2379829	1584815	1.144s
181	2393029	1618525	1.066s
182	2406229	1652235	1.266s
183	2419429	1685945	1.336s
184	2432629	1617519	0.9748s
185	2445829	1651229	0.9785s
186	2459029	1684939	1.507s
187	2472229	1643378	2.002s
188	2485429	1645712	4.501s
189	2498629	1652417	1.777s
190	2511829	1661174	1.01s
191	2525029	1670136	1.115s
192	2538229	1703832	2.894s
193	2551429	1688002	3.077s
194	2564629	1671105	1.322s
195	2577829	1704705	1.117s
196	2591029	1624633	3.004s
197	2604229	1622328	1.025s
198	2617429	1611522	1.071s
199	2630629	1645080	2.338s
200	2643829	1626978	1.174s
201	2657029	1660534	2.736s
202	2670229	1642199	1.432s
203	2683429	1616531	1.779s
204	2696629	1650025	2.354s
205	2709829	1601508	1.357s
206	2723029	1608739	1.194s
207	2736229	1642231	1.944s
208	2749429	1622498	1.312s
209	2762629	1655982	1.08s
210	2775829	1635400	1.072s
211	2789029	1668884	2.33s
212	2802229	1650420	1.126s
213	2815429	1683900	1.103s
214	2828629	1663329	1.998s
215	2841829	1696779	1.138s
216	2855029	1655506	1.33s
217	2868229	1688956	1.09s
218	2881429	1722406	1.603s
219	2894629	1677722	1.853s
220	2907829	1711172	1.112s
221	2921029	1685160	1.188s
222	2934229	1718604	1.237s
223	2947429	1752048	1.653s
224	2960629	1706238	2.217s
225	2973829	1739680	2.287s
226	2987029	1645256	3.13s
227	3000229	1622547	1.443s
228	3013429	1655903	1.134s
229	3026629	1623639	1.118s
230	3039829	1656981	1.168s
231	3053029	1690319	1.169s
232	3066229	1723657	4.093s
233	3079429	1645889	1.749s
234	3092629	1639731	2.776s
235	3105829	1646824	1.315s
236	3119029	1644481	1.743s
237	3132229	1677805	1.327s
238	3145429	1711115	5.294s
239	3158629	1595903	1.332s
240	3171829	1629171	2.833s
241	3185029	1605036	1.438s
242	3198229	1638294	1.147s
243	3211429	1671548	1.165s
244	3224629	1704798	1.341s
245	3237829	1619502	1.27s
246	3251029	1652744	3.096s
247	3264229	1620572	1.427s
248	3277429	1613964	1.18s
249	3290629	1647172	1.216s
250	3303829	1680376	2.118s
251	3317029	1713578	4.253s
252	3330229	1630408	5.856s
253	3343429	1619499	8.846s
254	3356629	1565744	3.34s
255	3369829	1569482	1.96s
256	3383029	1538834	5.671s
257	3396229	1468521	3.584s
258	3409429	1444129	2.06s
259	3422629	1447429	1.231s
260	3435829	1480459	1.405s
261	3449029	1456975	1.176s
262	3462229	1490005	1.178s
263	3475429	1523035	1.486s
264	3488629	1556065	1.216s
265	3501829	1479025	1.42s
266	3515029	1512055	7.86s
267	3528229	1410768	1.346s
268	3541429	1443732	1.422s
269	3554629	1417473	1.208s
270	3567829	1450423	4.476s
271	3581029	1386433	2.404s
272	3594229	1388358	4.922s
273	3607429	1364738	1.504s
274	3620629	1397638	1.399s
275	3633829	1366865	3.822s
276	3647029	1330808	4.875s
277	3660229	1289703	1.334s
278	3673429	1322533	1.544s
279	3686629	1355361	3.855s
280	3699829	1283000	1.415s
281	3713029	1315812	1.184s
282	3726229	1348624	1.242s
283	3739429	1295610	1.889s
284	3752629	1328422	8.137s
285	3765829	1237802	1.429s
286	3779029	1270562	1.237s
287	3792229	1303322	3.044s
288	3805429	1199672	1.207s
289	3818629	1232396	4.372s
290	3831829	1192851	1.669s
291	3845029	1225561	2.523s
292	3858229	1190664	1.406s
293	3871429	1223370	1.22s
294	3884629	1256076	9.223s
295	3897829	1125042	17.72s
This is the last UNSAT round.