#Number of gate                  #BASE
                    	 0.93
                    	 1.10
3                    	 1.21
                    	 1.36
                    	 1.18
6                    	 1.04
                    	 1.14
8                    	 1.17
9                    	 1.57
0                    	 1.79
                    	 1.42
                    	 1.61
3                    	 1.52
                    	 1.86
                    	 1.71
6                    	 1.46
                    	 1.54
8                    	 1.90
9                    	 1.57
0                    	 1.75
                    	 1.55
                    	 2.11
3                    	 2.05
                    	 1.98
                    	 1.83
6                    	 1.92
                    	 1.40
8                    	 1.58
9                    	 2.39
30                    	 3.46
31                    	 1.49
32                    	 1.57
33                    	 2.03
34                    	 2.41
35                    	 2.53
36                    	 1.37
37                    	 1.78
38                    	 2.70
39                    	 2.15
0                    	 1.92
                    	 2.47
                    	 3.62
3                    	 3.62
                    	 1.99
                    	 1.58
6                    	 1.89
                    	 3.95
8                    	 1.78
9                    	 2.20
0                    	 2.54
                    	 3.23
                    	 2.46
3                    	 4.36
                    	 1.67
                    	 3.92
6                    	 2.98
                    	 1.81
8                    	 2.03
9                    	 2.30
60                    	 2.40
61                    	 2.06
62                    	 2.38
63                    	 2.40
64                    	 3.43
65                    	 4.22
66                    	 4.05
67                    	 3.70
68                    	 2.68
69                    	 5.74
0                    	 5.95
                    	 4.18
                    	 4.20
3                    	 2.40
                    	 2.98
                    	 3.47
6                    	 5.78
                    	 3.65
8                    	 4.88
9                    	 5.17
80                    	 3.27
81                    	 7.66
82                    	 5.44
83                    	 3.15
84                    	 4.22
85                    	 4.78
86                    	 3.70
87                    	 3.94
88                    	 4.24
89                    	 5.94
90                    	 4.92
91                    	 5.13
92                    	 10.23
93                    	 5.72
94                    	 3.68
95                    	 3.20
96                    	 4.25
97                    	 3.89
98                    	 5.19
99                    	 3.53
00                    	 5.63
01                    	 10.80
02                    	 4.99
03                    	 9.78
04                    	 4.18
05                    	 7.42
06                    	 5.11
07                    	 5.88
08                    	 5.35
09                    	 4.53
0                    	 7.32
                    	 6.78
                    	 7.72
3                    	 5.67
                    	 9.51
                    	 13.24
6                    	 4.32
                    	 10.47
8                    	 12.43
9                    	 10.44
0                    	 9.94
                    	 8.84
                    	 6.65
3                    	 4.98
                    	 9.22
                    	 8.05
6                    	 14.87
                    	 10.29
8                    	 7.31
9                    	 10.12
30                    	 6.40
31                    	 7.01
32                    	 56.17
33                    	 8.87
34                    	 8.71
35                    	 10.15
36                    	 20.28
37                    	 10.92
38                    	 9.13
39                    	 8.50
0                    	 4.72
                    	 24.02
                    	 8.95
3                    	 10.18
                    	 6.26
                    	 11.69
6                    	 7.20
                    	 10.31
8                    	 11.79
9                    	 7.82
0                    	 9.53
                    	 15.19
                    	 19.47
3                    	 12.22
                    	 43.31
                    	 65.86
6                    	 9.41
                    	 10.46
8                    	 138.50
9                    	 14.45
60                    	 13.74
61                    	 6.26
62                    	 8.50
63                    	 8.20
64                    	 11.84
65                    	 10.34
66                    	 7.97
67                    	 12.06
68                    	 11.44
69                    	 9.68
0                    	 14.03
                    	 78.46
                    	 10.16
3                    	 116.69
                    	 9.13
                    	 31.34
6                    	 13.11
                    	 16.18
8                    	 12.13
9                    	 8.96
80                    	 15.52
81                    	 25.91
82                    	 13.33
83                    	 7.52
84                    	 11.69
85                    	 13.39
86                    	 22.59
87                    	 18.80
88                    	 14.40
89                    	 59.45
90                    	 11.49
91                    	 44.59
92                    	 15.46
93                    	 114.14
94                    	 126.03
95                    	 11.16
96                    	 125.61
97                    	 19.03
98                    	 55.46
99                    	 42.83
00                    	 17.57
01                    	 10.16
02                    	 28.26
03                    	 10.41
04                    	 15.39
05                    	 12.82
06                    	 76.89
07                    	 21.96
08                    	 10.44
09                    	 77.63
