#iterationNumber	varNumber	clauseNumber	itertionTime
1	12077	31963	0.2297s
2	20325	35344	0.06559s
3	28573	56954	0.06993s
4	36821	78558	0.07866s
5	45069	85046	0.1064s
6	53317	101837	0.08497s
7	61565	81552	0.08341s
8	69813	103018	0.1043s
9	78061	89418	0.09073s
10	86309	76659	0.09745s
11	94557	97985	0.09893s
12	102805	71988	0.08504s
13	111053	93254	0.09367s
14	119301	114520	0.09349s
15	127549	135786	0.1073s
16	135797	86880	0.09236s
17	144045	108112	0.1002s
18	152293	129344	0.1135s
19	160541	81661	0.1132s
20	168789	102893	0.1076s
21	177037	124125	0.1045s
22	185285	145357	0.1213s
23	193533	92193	0.1107s
24	201781	113425	0.1119s
25	210029	134657	0.1117s
26	218277	155889	0.113s
27	226525	177121	0.132s
28	234773	105388	0.116s
29	243021	126620	0.1202s
30	251269	147852	0.1244s
31	259517	169084	0.1291s
32	267765	190316	0.1451s
33	276013	118581	0.2138s
34	284261	119774	0.1441s
35	292509	97576	0.134s
36	300757	118734	0.1381s
37	309005	139892	0.136s
38	317253	161050	0.1593s
39	325501	182208	0.1567s
40	333749	104578	0.2145s
41	341997	106600	0.1459s
42	350245	127750	0.1451s
43	358493	148900	0.1604s
44	366741	112939	0.158s
45	374989	134089	0.1784s
46	383237	155239	0.2479s
47	391485	118412	0.1579s
48	399733	139560	0.1616s
49	407981	160700	0.1683s
50	416229	181836	0.1862s
51	424477	122015	0.1677s
52	432725	143151	0.1836s
53	440973	164273	0.1692s
54	449221	185395	0.2504s
55	457469	118685	0.2389s
56	465717	118874	0.5039s
57	473965	117568	0.1884s
58	482213	119254	0.1825s
59	490461	140354	0.1876s
60	498709	161454	0.2355s
61	506957	113207	0.1846s
62	515205	134293	0.3087s
63	523453	111785	0.6402s
64	531701	104979	0.1898s
65	539949	106337	0.1922s
66	548197	127399	0.1903s
67	556445	148459	0.1974s
68	564693	169519	0.2035s
69	572941	190579	0.201s
70	581189	211639	0.2081s
71	589437	232699	0.2255s
72	597685	111482	0.2094s
73	605933	132542	0.207s
74	614181	153602	0.2097s
75	622429	174662	0.2153s
76	630677	195722	0.2072s
77	638925	216782	0.2192s
78	647173	237842	0.2153s
79	655421	258902	0.2444s
80	663669	120922	0.2166s
81	671917	141982	0.2228s
82	680165	163042	0.2224s
83	688413	184102	0.22s
84	696661	205162	0.2223s
85	704909	226222	0.2286s
86	713157	247282	0.2638s
87	721405	129194	0.2293s
88	729653	150254	0.2359s
89	737901	171314	0.2354s
90	746149	192374	0.2367s
91	754397	213434	0.2429s
92	762645	234494	0.2472s
93	770893	255554	0.2714s
94	779141	137454	0.2507s
95	787389	158514	0.2524s
96	795637	179574	0.2538s
97	803885	200634	0.2634s
98	812133	221694	0.2547s
99	820381	242754	0.2552s
100	828629	263814	0.2871s
101	836877	145070	0.2644s
102	845125	166130	0.2679s
103	853373	187190	0.2788s
104	861621	208250	0.275s
105	869869	229310	0.2768s
106	878117	250370	0.266s
107	886365	271430	0.3031s
108	894613	152511	0.2849s
109	902861	173571	0.2789s
110	911109	194631	0.2797s
111	919357	215691	0.28s
112	927605	236751	0.2825s
113	935853	257811	0.2914s
114	944101	278871	0.3559s
115	952349	159952	0.3218s
116	960597	181012	0.293s
117	968845	202072	0.2992s
118	977093	223132	0.2949s
119	985341	244192	0.2978s
120	993589	265252	0.3311s
121	1001837	286312	0.3257s
122	1010085	167393	0.302s
123	1018333	188453	0.3072s
124	1026581	209513	0.3128s
125	1034829	230573	0.3066s
126	1043077	251633	0.3129s
127	1051325	272693	0.3144s
128	1059573	293753	0.351s
129	1067821	174882	0.322s
130	1076069	195942	0.3357s
131	1084317	217002	0.3242s
132	1092565	238062	0.3244s
133	1100813	259122	0.3349s
134	1109061	280182	0.3352s
135	1117309	301242	0.3641s
136	1125557	182407	0.3329s
137	1133805	203467	0.3302s
138	1142053	224527	0.3865s
139	1150301	245587	0.3352s
140	1158549	266647	0.3942s
141	1166797	287707	0.3851s
142	1175045	308767	1.136s
143	1183293	178293	0.3431s
144	1191541	199345	0.347s
145	1199789	220397	0.3471s
146	1208037	241449	0.342s
147	1216285	262501	0.3432s
148	1224533	283553	0.3628s
149	1232781	304605	0.4361s
150	1241029	184887	0.3649s
151	1249277	205939	0.3677s
152	1257525	226991	0.3703s
153	1265773	248043	0.3574s
154	1274021	269095	0.3678s
155	1282269	290147	0.3668s
156	1290517	311199	0.4119s
157	1298765	191481	0.3668s
158	1307013	212533	0.3738s
159	1315261	233585	0.3756s
160	1323509	254637	0.3808s
161	1331757	275689	0.412s
162	1340005	296741	0.3942s
163	1348253	317793	0.4176s
164	1356501	198173	0.3849s
165	1364749	219225	0.388s
166	1372997	240277	0.4029s
167	1381245	261329	0.4472s
168	1389493	282381	0.411s
169	1397741	303433	0.4334s
170	1405989	324485	0.4698s
171	1414237	204865	0.403s
172	1422485	225917	0.4029s
173	1430733	246969	0.4057s
174	1438981	268021	0.4135s
175	1447229	289073	0.4267s
176	1455477	310125	0.4132s
177	1463725	331177	0.4665s
178	1471973	211557	0.4113s
179	1480221	232609	0.4282s
180	1488469	253661	0.4164s
181	1496717	274713	0.4334s
182	1504965	295765	0.4225s
183	1513213	316817	0.4214s
184	1521461	337869	0.4877s
185	1529709	218249	0.4687s
186	1537957	239301	0.4315s
187	1546205	260353	0.4439s
188	1554453	281405	0.442s
189	1562701	302457	0.4371s
190	1570949	323509	0.439s
191	1579197	344561	0.4796s
192	1587445	224941	0.4437s
193	1595693	245993	0.4494s
194	1603941	267045	0.4395s
195	1612189	288097	0.455s
196	1620437	309149	0.4495s
197	1628685	330201	0.4489s
198	1636933	351253	0.5111s
199	1645181	231633	0.4532s
200	1653429	252685	0.463s
201	1661677	273737	0.4788s
202	1669925	294789	0.4757s
203	1678173	315841	0.4933s
204	1686421	336893	0.5286s
205	1694669	357945	0.5229s
206	1702917	238325	0.4684s
207	1711165	259377	0.49s
208	1719413	280429	0.4782s
209	1727661	301481	0.4796s
210	1735909	322533	0.4861s
211	1744157	343585	0.5011s
212	1752405	364637	0.5431s
213	1760653	245017	0.509s
214	1768901	266069	0.483s
215	1777149	287121	0.4964s
216	1785397	308173	0.5084s
217	1793645	329225	0.4978s
218	1801893	350277	0.5155s
219	1810141	371329	0.5566s
220	1818389	251709	0.5159s
221	1826637	272761	0.5063s
222	1834885	293813	0.5048s
223	1843133	314865	0.5055s
224	1851381	335917	0.5337s
225	1859629	356969	0.5661s
226	1867877	257445	0.5239s
227	1876125	278497	0.5326s
228	1884373	299549	0.5144s
229	1892621	320601	0.5269s
230	1900869	341653	0.5138s
231	1909117	362705	0.6023s
232	1917365	263181	0.5368s
233	1925613	284233	0.5311s
234	1933861	305285	0.5256s
235	1942109	326337	0.5238s
236	1950357	347389	0.529s
237	1958605	368441	0.5871s
238	1966853	268917	0.5481s
239	1975101	289969	0.5429s
240	1983349	311021	0.5482s
241	1991597	332073	0.5486s
242	1999845	353125	0.5422s
243	2008093	374177	0.6111s
244	2016341	274653	0.5443s
245	2024589	295705	0.5656s
246	2032837	316757	0.557s
247	2041085	337809	0.5823s
248	2049333	358861	0.5621s
249	2057581	379913	0.6079s
250	2065829	280389	0.5893s
251	2074077	301441	0.5767s
252	2082325	322493	0.5715s
253	2090573	343545	0.567s
254	2098821	364597	0.5759s
255	2107069	385649	0.6491s
256	2115317	286125	0.6254s
257	2123565	307177	0.6045s
258	2131813	328229	0.5795s
259	2140061	349281	0.5831s
260	2148309	370333	0.5845s
261	2156557	391385	0.6295s
262	2164805	291861	0.5777s
263	2173053	312913	0.6412s
264	2181301	333965	0.5784s
265	2189549	355017	0.5835s
266	2197797	376069	0.5911s
267	2206045	397121	0.5871s
268	2214293	418173	0.6565s
269	2222541	298553	0.6079s
270	2230789	319605	0.6036s
271	2239037	340657	0.6099s
272	2247285	361709	0.6089s
273	2255533	382761	0.6107s
274	2263781	403813	0.6854s
275	2272029	304289	0.6048s
276	2280277	325341	0.6304s
277	2288525	346393	0.6234s
278	2296773	367445	0.6944s
279	2305021	388497	0.6112s
280	2313269	409549	0.6821s
281	2321517	310025	0.6134s
282	2329765	331077	0.6145s
283	2338013	352129	0.6247s
284	2346261	373181	0.6483s
285	2354509	394233	0.6361s
286	2362757	415285	0.6916s
287	2371005	436337	0.7945s
288	2379253	230694	0.6161s
289	2387501	251716	0.661s
290	2395749	272738	0.9292s
291	2403997	104479	1.346s
292	2412245	105146	0.5893s
293	2420493	126150	0.5848s
294	2428741	147144	0.958s
295	2436989	90445	0.6031s
296	2445237	86074	0.6791s
297	2453485	107054	0.6683s
298	2461733	81082	0.6142s
299	2469981	102062	0.2546s
This is the last UNSAT round.