#iterationNumber	varNumber	clauseNumber	itertionTime
1	11921	31651	0.2146s
2	20013	34579	0.05853s
3	28105	55591	0.06572s
4	36197	76513	0.06246s
5	44289	97417	0.06908s
6	52381	42601	0.07203s
7	60473	63477	0.07225s
8	68565	46464	0.06808s
9	76657	67324	0.07185s
10	84749	88184	0.0739s
11	92841	109044	0.08226s
12	100933	56468	0.1006s
13	109025	58947	0.08383s
14	117117	59926	0.07888s
15	125209	80726	0.08424s
16	133301	101526	0.09846s
17	141393	54848	0.09057s
18	149485	55119	0.08984s
19	157577	75907	0.09046s
20	165669	96695	0.1054s
21	173761	56074	0.09598s
22	181853	76848	0.09918s
23	189945	97622	0.1058s
24	198037	60516	0.1021s
25	206129	81290	0.09842s
26	214221	102064	0.1054s
27	222313	122838	0.1076s
28	230405	143612	0.1165s
29	238497	68886	0.1069s
30	246589	89660	0.1121s
31	254681	110434	0.1132s
32	262773	131208	0.114s
33	270865	151982	0.128s
34	278957	76776	0.1219s
35	287049	97550	0.1222s
36	295141	118324	0.1269s
37	303233	139098	0.1214s
38	311325	159872	0.1383s
39	319417	84498	0.1367s
40	327509	105272	0.1308s
41	335601	126046	0.1357s
42	343693	146820	0.133s
43	351785	167594	0.1471s
44	359877	92148	0.1386s
45	367969	112922	0.145s
46	376061	133696	0.1485s
47	384153	154470	0.15s
48	392245	175244	0.1577s
49	400337	99798	0.148s
50	408429	120572	0.1514s
51	416521	141346	0.1512s
52	424613	162120	0.1513s
53	432705	182894	0.1533s
54	440797	203668	0.1706s
55	448889	108978	0.161s
56	456981	129752	0.1663s
57	465073	150526	0.1697s
58	473165	171300	0.1685s
59	481257	192074	0.1789s
60	489349	116628	0.1692s
61	497441	137402	0.1729s
62	505533	158176	0.1783s
63	513625	178950	0.1816s
64	521717	199724	0.1932s
65	529809	124278	0.1829s
66	537901	145052	0.1788s
67	545993	165826	0.1917s
68	554085	186600	0.1895s
69	562177	207374	0.216s
70	570269	131928	0.1957s
71	578361	152702	0.1969s
72	586453	173476	0.2008s
73	594545	194250	0.1994s
74	602637	215024	0.2123s
75	610729	139578	0.2023s
76	618821	160352	0.2102s
77	626913	181126	0.2065s
78	635005	201900	0.2083s
79	643097	222674	0.2261s
80	651189	147591	0.2195s
81	659281	168365	0.2116s
82	667373	189139	0.2147s
83	675465	209913	0.2236s
84	683557	230687	0.2396s
85	691649	155851	0.2166s
86	699741	176625	0.2194s
87	707833	197399	0.2195s
88	715925	218173	0.2325s
89	724017	238947	0.2285s
90	732109	259721	0.2545s
91	740201	165763	0.2316s
92	748293	186537	0.2347s
93	756385	207311	0.2329s
94	764477	228085	0.2417s
95	772569	248859	0.2553s
96	780661	174023	0.2506s
97	788753	194797	0.2474s
98	796845	215571	0.2519s
99	804937	236325	0.2395s
100	813029	257079	0.2817s
101	821121	141679	0.2541s
102	829213	162433	0.25s
103	837305	183187	0.2576s
104	845397	203941	0.2813s
105	853489	146273	0.2621s
106	861581	167025	0.2719s
107	869673	187775	0.263s
108	877765	208525	0.2939s
109	885857	143535	0.2609s
110	893949	164285	0.2528s
111	902041	185035	0.2665s
112	910133	205785	0.2759s
113	918225	226535	0.2924s
114	926317	149548	0.2828s
115	934409	170298	0.2861s
116	942501	191048	0.28s
117	950593	211798	0.2897s
118	958685	232548	0.3063s
119	966777	155503	0.3366s
120	974869	176253	0.2978s
121	982961	157856	0.2906s
122	991053	178606	0.2992s
123	999145	199356	0.296s
124	1007237	220106	0.2974s
125	1015329	240856	0.3077s
126	1023421	163757	0.2973s
127	1031513	184507	0.3078s
128	1039605	205257	0.3156s
129	1047697	226007	0.3105s
130	1055789	246757	0.3361s
131	1063881	169638	0.3206s
132	1071973	190388	0.3134s
133	1080065	211138	0.3149s
134	1088157	231888	0.3464s
135	1096249	174332	0.3156s
136	1104341	195082	0.3183s
137	1112433	215832	0.3265s
138	1120525	236582	0.3309s
139	1128617	257332	0.3464s
140	1136709	180210	0.334s
141	1144801	200960	0.3493s
142	1152893	221706	0.3415s
143	1160985	242452	0.3472s
144	1169077	173571	0.3322s
145	1177169	194317	0.3358s
146	1185261	215063	0.3423s
147	1193353	235809	0.375s
148	1201445	177860	0.3455s
149	1209537	198606	0.3443s
150	1217629	219352	0.343s
151	1225721	240098	0.3489s
152	1233813	260844	0.3657s
153	1241905	183228	0.3548s
154	1249997	203974	0.3465s
155	1258089	224720	0.3664s
156	1266181	245466	0.3597s
157	1274273	266212	0.3902s
158	1282365	188593	0.3568s
159	1290457	209339	0.3634s
160	1298549	230085	0.3767s
161	1306641	250831	0.3779s
162	1314733	271577	0.3972s
163	1322825	193958	0.3755s
164	1330917	214704	0.3767s
165	1339009	235450	0.3737s
166	1347101	256196	0.4254s
167	1355193	276942	0.4268s
168	1363285	199338	0.3767s
169	1371377	220084	0.393s
170	1379469	240830	0.3972s
171	1387561	261576	0.417s
172	1395653	203630	0.3934s
173	1403745	224376	0.3925s
174	1411837	245122	0.395s
175	1419929	265868	0.423s
176	1428021	207919	0.4111s
177	1436113	228665	0.4071s
178	1444205	249411	0.4213s
179	1452297	270157	0.4441s
180	1460389	212204	0.4077s
181	1468481	232946	0.4179s
182	1476573	253688	0.4309s
183	1484665	274430	0.4407s
184	1492757	206902	0.4157s
185	1500849	227644	0.4253s
186	1508941	248386	0.4197s
187	1517033	269128	0.4697s
188	1525125	210947	0.422s
189	1533217	231689	0.4249s
190	1541309	252431	0.4821s
191	1549401	273173	0.491s
192	1557493	214995	0.4419s
193	1565585	235737	0.4471s
194	1573677	256479	0.4415s
195	1581769	277221	0.4423s
196	1589861	297963	0.472s
197	1597953	220058	0.458s
198	1606045	240800	0.46s
199	1614137	261542	0.4508s
200	1622229	282284	0.5251s
201	1630321	116786	0.6933s
202	1638413	105101	0.4292s
203	1646505	125787	0.434s
204	1654597	146473	0.4531s
205	1662689	99650	0.4373s
206	1670781	120330	0.437s
207	1678873	141010	0.5118s
208	1686965	92877	0.4588s
209	1695057	84248	0.5453s
210	1703149	84117	0.47s
211	1711241	45374	0.4302s
212	1719333	66018	0.4322s
213	1727425	86660	0.5267s
This is the last UNSAT round.