#Number of gate                  #BASE
                    	 0.67
                    	 2.11
21                    	 3.50
                    	 4.54
                    	 7.45
                    	 8.39
61                    	 18.76
71                    	 20.53
81                    	 28.05
91                    	 33.55
01                    	 32.09
                    	 52.45
21                    	 53.70
                    	 51.99
                    	 72.74
                    	 81.48
61                    	 90.63
71                    	 165.36
81                    	 124.84
91                    	 140.16
201                    	 270.03
