#Number of gate                  #BASE
1                    	 0.18
11                    	 0.47
21                    	 0.61
31                    	 1.10
41                    	 2.01
51                    	 1.91
61                    	 2.52
71                    	 3.06
81                    	 4.46
91                    	 3.22
101                    	 5.76
111                    	 7.00
121                    	 6.93
131                    	 5.50
141                    	 6.09
151                    	 11.20
161                    	 13.53
171                    	 13.51
181                    	 12.15
191                    	 30.28
201                    	 23.75
