#Number of gate                  #BASE
1                    	 0.21
11                   	 0.68
21                    	 1.35
31                    	 3.39
41                    	 4.13
51                    	 8.87
61                    	 13.29
71                    	 27.18
81                    	 48.61
91                    	 72.25
101                    	 177.14
111                    	 111.57
121                    	 216.20
131                    	 224.67
141                    	 275.71
151                    	 444.27
161                    	 352.89
171                    	 804.43
181                    	 416.31
191                    	 448.31
201                    	 546.38
