#Number of gate                  #BASE
                    	 0.23
2                    	 0.30
3                    	 0.18
                    	 0.21
5                    	 0.23
6                    	 0.24
7                    	 0.20
                    	 0.20
                    	 0.25
                    	 0.23
                    	 0.22
2                    	 0.27
3                    	 0.27
                    	 0.25
5                    	 0.25
6                    	 0.20
7                    	 0.24
                    	 0.32
                    	 0.26
20                    	 0.32
21                    	 0.28
22                    	 0.32
23                    	 0.26
24                    	 0.28
25                    	 0.32
26                    	 0.30
27                    	 0.26
28                    	 0.25
29                    	 0.37
30                    	 0.29
31                    	 0.37
32                    	 0.32
33                    	 0.30
34                    	 0.39
35                    	 0.47
36                    	 0.29
37                    	 0.68
38                    	 1.03
39                    	 1.63
                    	 0.73
                    	 1.42
2                    	 1.06
3                    	 1.57
                    	 4.22
5                    	 1.31
6                    	 2.04
7                    	 5.95
                    	 7.87
                    	 4.69
50                    	 3.08
51                    	 6.44
52                    	 13.12
53                    	 3.45
54                    	 14.15
